59
492
684
1486
1538
1907
2099
2700
2955
3310
3586
3687
3698
4005
4023
4054
4153
4179
4214
4400
4435
4531
4640
5262
5291
5350
5788
5842
5999
6090
6120
6253
6533
6972
6993
7380
7782
7785
7863
8010
8453
8528
9314
9811
9891
10146
10180
10200
10205
10295
10384
10554
10719
10984
11294
11408
12141
12229
12306
12395
12931
13064
13457
13744
13862
13880
14096
14751
14979
15130
15230
15871
15891
15917
15985
15999
16098
16188
16489
17688
17967
18189
18837
19057
19224
19476
19540
19660
20019
20024
20380
20538
20553
20751
20771
20805
20872
21108
21190
21294
21438
21464
21480
21930
22019
22796
22849
23044
23474
23697
23841
23883
23955
23957
23971
24234
24375
25123
25244
25287
25590
25735
25785
25937
26257
26344
26346
26351
26863
27556
27661
28313
28949
29182
29265
29295
29315
29361
30274
30377
30480
31000
31049
31116
31351
31420
31542
31879
32190
32196
32437
32464
32907
33453
33584
33684
33769
33988
34029
34200
34260
34472
34488
34501
34546
34762
35282
35421
36173
36255
36811
37324
37332
37463
37667
37924
38168
38186
38687
38743
38873
39197
40244
40356
40425
40482
40682
41219
41883
42051
42547
42547
42550
42753
42864
42870
43284
43382
43511
44159
44166
44616
44776
45274
45345
45750
45757
45801
46054
46258
46513
46719
46953
47776
47847
47890
47934
48324
48622
48648
48728
48795
49056
49104
49407
49503
50461
50593
50657
50848
50902
51131
51194
51313
51841
52305
52407
52412
52718
52854
53521
54072
54357
54528
54586
54713
54806
55101
55281
55391
55398
56020
56074
56116
56137
56146
56731
57061
58049
58238
58292
58559
58759
59011
59013
59016
59254
59492
59497
59798
59850
60036
60386
60492
60501
60679
60826
60892
60952
61126
61127
61194
61733
61863
61882
62066
62150
62258
62403
62467
63743
63801
64902
65264
65650
65977
65984
66192
66295
66374
67418
67472
67709
67772
67860
68072
68154
68271
68538
68683
68853
68961
69922
70035
70078
70239
70271
70640
70822
71123
71186
71987
72145
72296
72301
72890
72983
73386
73523
73529
73710
74145
75245
75265
75456
75496
75898
76834
76904
77106
77183
77397
77780
79423
79902
80036
80526
81000
81590
81640
81894
82034
82134
82162
82341
82622
82686
82942
83395
83458
84129
84183
84325
84397
84617
84772
85070
85309
85441
85722
85732
85923
86754
87227
87398
87422
87650
87973
87995
88038
88079
88131
88225
88273
88296
88475
88479
88759
88906
88949
89074
89186
89198
89496
89496
89520
89629
89675
90672
90716
90920
91436
91467
91692
91761
92243
92874
92892
92921
93680
93741
93891
93971
94508
94954
95148
95715
96066
96115
96172
96359
96375
96404
96576
96619
96713
96942
96971
97053
97223
97239
97277
97348
97993
98319
98737
98911
99242
99338
99456
99789
99921
100077
100078
100324
100487
100585
100686
100768
100855
100903
100920
101076
101308
101520
101571
101642
101722
102191
103210
103451
103604
103845
103895
104314
104572
104724
105386
105939
106145
106338
106615
106623
106755
106831
107568
107911
108221
108418
108600
108760
108823
109191
110013
110304
110367
110653
111119
111136
111177
111734
111775
111983
112134
112418
112461
112939
113034
113035
113721
114040
114131
114543
114992
115039
115058
115073
115164
115262
115522
115795
115803
116018
116076
116623
116740
116806
116912
117088
117602
117883
118072
118238
118747
119204
119461
119499
119510
119583
120402
121333
121587
121729
121739
122043
122146
122503
122782
122820
122917
123715
123812
123889
123899
123979
124449
124454
124493
124709
124719
124994
125020
125169
125234
125277
126493
127364
127760
127974
128038
128778
128819
128857
128867
128897
128910
128924
129009
129209
129632
129929
130157
130692
130826
130932
131351
131354
131450
131497
132004
132025
132185
132263
132303
132519
133297
133373
133521
133649
133789
133900
133998
134179
134521
134555
134647
134935
135079
135081
135467
135677
136357
136562
137032
137117
137137
137367
137479
137613
137993
138400
139112
139211
139390
139459
139481
139595
139950
140200
140226
140409
140456
140847
140957
141150
141433
141463
141664
141863
142134
142166
142171
142208
142233
142418
142730
142866
142912
143212
143240
143280
143354
143458
143793
143809
144003
144063
144905
144954
145098
145184
145245
145383
145447
145589
145711
145850
146082
146170
146308
146365
146378
146414
146699
146897
146922
147012
147548
147665
148371
148583
148658
148978
149109
149689
149832
149999
150254
150302
150825
150826
150931
150990
151400
151680
151727
151982
152083
152176
152458
152503
152602
152633
152944
153593
154349
154355
154426
154687
154730
154743
155302
155323
155344
155392
155732
155886
155912
156304
156539
156641
156899
156907
156914
157059
157618
157636
157811
157867
157899
157900
157964
157996
158019
158072
158159
158261
158850
159008
159376
159400
159408
159425
159431
159704
159853
160182
160195
160315
160334
160506
160577
160795
160869
160980
161112
161184
161192
161497
161503
162299
163205
163466
164512
164571
164773
165061
165063
165347
165403
165488
165770
165786
165843
165877
165986
165995
166023
166163
166286
166969
167013
167049
167454
167620
167982
168186
168347
169006
169180
169278
169506
169999
170035
170249
170646
170930
171339
171757
171863
172013
172127
172692
172843
172983
173011
173419
173531
173988
174076
174231
174449
174810
174837
175174
175476
175776
175855
176373
176637
177249
177385
177776
177886
177914
177991
178037
178172
178179
178276
178456
178733
178886
178971
179012
179369
179674
179908
180451
180469
180852
181121
181340
181466
181466
181659
181755
182019
182077
182429
182562
182950
183281
183390
183838
183851
184016
184130
184681
184904
185273
185914
186001
186963
187400
187722
188233
188814
189166
189718
189719
189946
190083
190355
190371
190621
190870
190891
190926
191176
191274
191463
191984
192371
192452
192507
192529
192683
193130
193322
193398
193630
194230
194475
194540
194648
194975
195011
195186
195324
195446
195656
195797
195868
196274
196527
196642
196930
197155
197283
197615
197708
198288
198894
198998
199097
199465
199735
200177
200267
201000
201047
201125
201190
201193
201461
202062
202125
202240
202363
202365
202503
202526
202529
202568
202775
202927
202980
203054
203195
203345
203380
203498
203646
204557
204595
204929
205190
205223
205227
205355
205358
205479
206845
206946
206957
207062
207087
207167
208039
208220
208623
208627
208944
209090
209447
209490
209593
209715
209773
210023
210078
210169
210560
210562
210599
210936
211167
211331
211555
211761
212178
212179
212204
212320
212448
213034
213064
213128
213167
213197
213480
213524
213611
213748
213801
213855
214255
214562
214920
215036
215434
215441
215475
215879
216150
216493
216950
217049
217212
217321
217596
217779
217995
218094
218122
218181
218350
218566
218931
219142
219148
219199
219275
219468
219553
219563
219658
219934
220441
220725
220782
221166
221212
221312
221422
221556
221567
221655
221806
221956
222445
222452
222933
223224
223724
223830
223952
223990
224082
224153
224193
224370
224636
224689
224803
225124
225254
225456
225894
225946
226471
226477
226502
226513
226572
226665
226966
227196
227525
227706
228046
228355
228650
229134
229463
229500
230133
230815
230823
230823
230917
231020
231046
231928
231937
232265
232305
232435
232441
232509
232591
232695
232742
232846
233439
233471
233487
233743
233787
233868
234687
235207
235607
235785
235855
235907
235924
236101
236636
236851
236983
237562
237578
238169
238329
238342
238460
238747
238832
238855
238937
239233
239254
239545
240116
240640
240828
241115
241121
241187
241718
241885
242231
242696
242868
243597
243697
243763
244050
244094
244176
244196
244414
244475
244493
244568
244667
244935
244969
245000
245741
246245
246480
246566
246616
246616
246680
246771
246791
246799
247299
247582
247662
247693
247794
248057
248067
248121
248211
248500
248853
248912
249044
249294
249623
249769
250169
250267
250465
250751
251106
251130
251144
251186
251452
251657
252612
252824
253250
253275
253548
253732
253853
254164
254323
254338
254460
254526
254554
254788
254794
254941
254988
255038
255060
255127
255366
255817
255847
256271
256314
256422
256425
257112
257192
257665
257674
257856
258025
258907
259037
259351
259793
259888
260616
260838
260970
260976
261335
261339
261406
261499
261590
261774
262046
262657
262684
262728
262799
263076
263163
263211
263418
263445
263542
264153
264266
264412
264689
265058
265262
265393
265600
265628
266184
266255
266971
267069
267292
267492
267501
267937
268375
268552
268956
269782
269823
269977
270999
271230
271627
271713
271940
272000
272055
272368
272546
272640
272667
272680
272801
273399
273421
273488
273829
273906
273964
274018
274145
274190
274610
275405
275584
276353
276432
276660
276823
276840
276873
277018
277041
277189
277726
278778
278853
278935
279066
279380
279436
279688
279753
279834
279902
280379
280717
280790
280820
280940
281080
281110
281284
281299
281383
281427
281456
281521
281585
281805
282208
282242
282263
282301
283003
283338
283542
283676
283711
283862
283941
284425
284629
284637
284709
284753
284884
284908
284995
285007
285062
285205
285239
285355
285946
286413
286570
286733
287435
287467
287528
287671
287947
288059
288218
288669
288838
289213
289233
289392
289782
289950
290253
290269
290298
290415
290508
290648
290932
290979
291217
291472
291562
291601
291793
291808
291861
291979
292175
292365
292369
292548
292571
293184
293510
293537
294066
294347
294753
295101
295519
295755
296078
296209
296226
296726
297129
297352
297358
297642
297688
297880
298022
298500
298856
299015
299195
299696
300181
300296
300525
300715
300725
300789
300830
301029
301069
301126
301169
301283
301901
302119
302191
302469
302515
302855
302951
303017
303086
303612
303633
303652
303790
303800
304189
304202
304346
304394
304620
305443
305816
305824
306200
306890
306926
307277
307807
308200
308337
308808
309107
309297
309809
310224
310289
310448
310459
310666
310676
310841
311007
311181
311477
311533
311553
311578
311725
311869
312236
312296
312533
312540
312652
312798
313267
313351
313477
313619
313641
313645
313657
313768
314068
314133
314159
314221
314245
314685
315621
315985
316450
316464
316608
316673
317442
317474
317496
317777
317804
317873
317999
318211
318692
318899
319022
319339
320312
320374
320474
320511
320586
320704
320749
320858
320861
320906
321263
321399
321569
321575
321725
321866
321977
322128
322138
322234
322507
322619
322851
322964
323072
323119
323526
323623
323650
324592
324601
324755
324870
324875
324909
325339
326324
326404
326651
326977
327063
327112
327234
327501
327859
328291
328340
328567
328592
328808
329173
329402
329442
329449
329745
329942
329982
330061
330283
330443
330482
330748
331227
331328
331500
331619
331699
331736
331985
332315
332316
332551
332912
333046
333583
334180
334675
334897
335093
335168
335219
335293
335386
335446
335628
335977
336121
336189
336366
336984
337020
337105
337162
337269
337443
337444
337460
337751
337893
338345
338361
338361
338395
338718
338849
339055
339106
339109
339136
339360
339392
339524
340030
340410
340535
340545
340620
340638
340938
341177
341403
341559
341740
341892
341949
341983
342405
342445
342712
343002
343049
343510
343962
344255
344393
344667
344930
345005
345034
345241
345509
345589
345962
346055
346086
346226
346441
346798
347085
347160
347379
347439
347782
347926
348068
348802
348892
349400
349948
350139
350177
350327
350344
350497
350606
350700
350804
350869
351761
351810
352169
352176
352215
352226
352536
352619
352925
353062
353254
353335
353721
353754
353772
353831
354127
354229
354265
354329
354413
354504
354534
354552
355342
355471
355543
355572
355732
355833
356273
356359
356574
357063
357636
357786
358092
358192
358344
358704
358818
359012
359019
359249
359388
359677
360214
360378
360945
361008
361203
361485
361514
361522
361530
361532
361628
361982
362078
362387
362405
362722
363094
363228
363256
363275
363750
363927
364053
364192
364648
364701
364807
364843
364976
365422
365438
365496
365667
365728
365953
366236
366243
366297
366396
366620
366621
366639
367094
367347
367393
367465
367512
367726
368133
368422
368428
368523
368664
368760
368776
368926
369333
369747
369807
369971
370018
370028
370167
370191
370706
370925
371730
371746
371826
371909
372119
372500
372670
373048
373108
373191
373424
373813
373902
374110
374354
374358
374410
374528
375122
375504
375905
376213
376337
376719
376889
377052
377390
377737
377761
378164
378208
378483
378959
379044
379098
379164
379197
379761
379889
379957
380198
380394
380403
380490
380503
381133
381142
381321
381396
381498
381508
381638
381958
382129
382196
382719
382814
383597
383855
383989
384192
384295
384359
384412
384753
384935
385053
385435
385483
385621
385738
386000
386316
386634
386639
386757
386815
386870
386955
387400
387709
388249
388374
388520
388721
388963
388972
389330
389418
389570
390091
390108
390309
390380
390689
390883
391137
391247
391634
391644
392155
392196
392208
392278
392354
392605
392725
392743
392795
392909
393007
393067
393512
393596
393661
393884
394425
394464
394506
395004
395031
395071
395159
395314
395358
395380
395764
395874
396010
396064
396170
396282
396819
397002
397444
397859
397866
398421
398630
399281
399887
400029
400061
400757
400855
400860
401238
401266
401334
401868
402168
402177
402461
402562
402580
404110
404612
404741
404746
404855
404914
405567
406209
406455
407239
407318
407328
407397
407674
407736
408342
408488
408690
408875
408892
408920
409066
409319
409359
409427
409941
410044
410188
410424
410461
410507
410585
410603
410752
411123
411184
411190
411243
411318
411352
411357
411458
411546
412026
412643
412958
412983
413194
413687
413697
413798
414215
414321
414334
414345
414412
414711
414907
415263
415273
415426
415565
415567
415661
415741
415990
416296
416654
417216
417316
417545
417745
417790
417998
418025
418134
418154
418180
418213
418273
418303
418312
418595
418597
418630
419003
419068
419310
419869
420459
420520
420588
420602
420632
420670
420746
420753
420810
420949
421099
421241
421704
422028
422120
422237
422248
422497
422619
422741
423432
423667
424280
424591
424755
424813
424869
425281
425347
425375
425601
425783
425987
426133
426355
426411
426739
427226
427308
427397
427526
427684
428046
428137
428353
428427
428707
428876
428974
429216
429658
430469
430478
430578
430675
430971
431014
431378
431403
431532
431838
432427
432508
432560
432715
433029
433069
433343
433362
433389
433530
433800
433823
434177
434272
434399
434773
434994
435250
435330
435405
435467
435716
435918
436187
436369
436420
436436
436548
437641
437755
437758
438334
438842
438925
439031
439196
440823
441204
441261
441749
441823
441834
442208
442425
442468
442834
443149
443331
443526
443773
443820
444174
444289
444443
444721
445626
445672
445748
446155
446173
446601
447226
447765
448628
448781
449151
449300
450044
450044
450325
450559
450703
450878
451196
451221
451637
451825
451888
451946
452118
452447
452761
452939
453044
453258
453321
453481
454339
454569
454688
454768
454848
454992
455046
455195
455329
455495
455510
455969
456026
456153
456301
456467
456632
456880
457512
457595
457894
458630
459525
459588
459821
460052
460304
460485
460718
460778
461089
461090
461629
461686
461810
461872
461877
462089
462240
462626
462805
462900
463018
463748
464776
464825
465100
465122
465191
465307
465633
465717
465758
465886
466121
466223
466241
466286
466321
466343
466364
466390
466785
467034
467721
467839
468510
468724
469546
470272
470298
470647
470797
470945
471168
471170
471196
471217
471237
472223
472396
472417
472463
472513
473006
473056
473114
473715
473838
474086
474464
474507
475277
475442
475539
475933
475942
476024
476143
476565
477973
477994
478206
478223
478277
478379
478724
478961
479746
479860
480283
480361
480568
480975
481028
481051
481165
481265
481496
481605
481636
481964
482055
482651
482681
482842
482860
483008
483037
483445
483553
484127
484169
484173
484263
484610
484720
484849
485005
485393
485585
485593
485597
485715
485724
485951
486264
486461
486640
487247
487278
487284
487401
487442
487605
487881
487940
487990
488158
488525
488538
488572
488605
488650
488698
488740
488775
488953
488978
489117
489278
489279
489835
490014
490398
490746
491466
491568
491902
492007
492309
492445
492883
493113
493340
493473
493540
493992
494308
494652
494701
494776
495008
495057
495154
495170
495201
495491
495816
495967
495978
496155
496498
496506
496887
496987
497061
497061
497274
497545
497547
497610
497762
498130
498426
498904
499166
499256
499311
499418
499644
499937
499996
500070
500091
500121
500236
500540
500838
500842
501053
501201
501287
501702
501950
502218
502300
502649
502928
503001
503209
503387
503580
503801
503941
503979
504007
504461
504587
504596
504648
506275
506367
507105
507251
507625
507648
507742
507905
508040
508086
508455
508534
508695
509065
509106
509248
509904
509967
510004
510052
510810
510886
510965
511010
511324
511417
511504
511749
512044
512733
512884
512892
513178
513322
513362
513607
513795
513827
514067
514151
514434
514599
514747
514819
515102
515123
515328
515602
515925
516234
516259
516687
517206
517225
517353
517455
517520
517669
517670
517921
518008
518733
518737
519083
519280
519379
519388
519450
519488
519595
519597
520092
520177
520243
520343
520475
520549
520588
521154
521389
521418
521562
522033
522051
522710
522811
522841
522866
523264
523955
524052
524129
524781
524833
525054
525294
525366
525559
525685
525802
525862
526587
526698
527041
527137
527206
527221
527247
527453
527629
528084
528125
528566
528858
528973
529108
529118
529304
529316
529622
529649
529815
530293
530318
531150
531337
531357
531689
531801
531872
531963
532230
532231
532264
532709
532731
532872
532874
533347
533663
533765
533863
533949
534151
534177
534383
534502
534712
534779
534862
534885
534931
534960
535170
535453
535582
535807
535978
536324
536571
536690
536704
536821
536963
536964
536976
537013
537130
537322
537375
537411
537468
537931
537979
538219
538235
538331
538575
538683
538749
538804
538858
538886
538944
539148
539461
539925
540371
540464
540469
540561
540775
540866
540958
541151
541352
541362
541518
541563
541587
541701
542149
542318
542412
542475
542510
542759
542900
543006
543014
543183
543302
543543
543662
543780
544368
544556
544692
544713
545058
545085
545116
545220
545310
545586
545875
546065
546321
546350
546450
546685
546746
546842
547108
547269
547286
547360
547604
548403
548491
548577
548773
549052
549092
549145
549269
549346
549379
549886
550004
550108
550112
550192
550606
550921
550976
551066
551146
551277
551338
551401
551666
551971
552088
552349
552541
552787
553027
553049
553238
553330
553532
553800
553832
553965
553974
554056
554087
554099
554256
554393
554523
554752
554894
555426
555692
555814
556279
556397
556824
556869
556960
556961
557026
557122
557249
557259
557341
557559
557651
558147
558721
559381
559474
559722
560223
560239
560503
560511
560632
561001
561139
561144
561446
561455
561769
561894
562648
562725
562938
563057
563282
563566
563656
563692
563715
563882
563973
564252
564280
564605
564717
564769
564919
565345
565376
565546
565627
565633
565875
565912
566045
566104
566180
566204
566548
566781
566960
567514
567633
568368
568473
568573
569204
569793
569877
570109
570118
570597
570666
570829
571294
571395
571449
571639
571692
572149
572157
572330
572335
572424
572559
572616
572905
573039
573230
573631
573634
573789
574010
574187
574248
574468
574479
574599
574966
575023
575122
575232
575614
575679
575855
575874
575927
575991
576367
576415
576444
576547
576610
576756
576806
576840
577204
577573
577730
577735
578030
578079
578378
578467
578512
578571
578608
578635
578680
578714
579053
579348
579349
579476
579593
579616
579924
580221
580284
580876
580940
580945
581048
581207
581230
581345
581801
581954
582053
582283
582320
582491
582540
582734
583172
583722
583774
583802
583988
583995
584086
584108
584135
584394
584471
584608
584677
584682
584756
584861
584900
584951
585055
585190
585360
585814
586204
586649
586887
587416
587492
587920
587986
588058
588095
588305
588993
589276
589319
589473
589484
589646
589807
589940
589948
590096
590161
590228
590391
590536
590549
590636
591157
591478
591505
591637
591702
592140
592384
593081
593311
593580
593916
593931
594373
594550
594684
595070
595389
595402
595545
595636
596108
596137
596156
596234
596301
596425
596550
596833
597349
597566
597950
598034
598311
598352
598510
598594
598886
598929
599116
599573
599597
599860
600119
600230
600514
600986
600996
601081
601211
601312
601363
601849
601908
602016
602201
602287
602297
602414
603108
603108
603148
603169
603701
603701
603746
603797
603829
604121
604275
604478
604520
604631
604631
604995
605080
605183
605292
605386
605408
605420
605473
605627
605678
605713
606287
606309
606578
606602
606710
606963
607132
607281
607391
607402
607801
607856
608106
608141
608722
609348
609550
609732
610273
610815
611028
611078
611090
611220
611251
611345
611435
611479
611631
611655
611871
611910
612197
612198
612686
612909
613272
613735
613943
614602
615101
615302
615571
616009
616401
616523
616548
616809
617204
617552
617998
618001
618061
618085
618193
618831
619301
619468
619490
619495
619789
619800
620117
620190
620224
620283
620345
620589
620812
621314
621492
621578
621934
622043
622081
622126
622224
622293
622374
622538
622710
622809
622878
622986
623006
623292
623417
623518
623545
623604
623865
624096
624112
624126
624266
624544
624809
624860
625541
625651
626190
626230
626362
626710
626720
626830
626915
626963
627221
627759
627762
627924
628014
628156
628938
629090
629193
629499
629563
629806
629925
630007
630048
630048
631315
631608
631614
631890
631945
632321
632397
632519
633144
633227
633424
633458
633525
634550
635276
635670
635790
635860
636003
637003
637340
637488
638128
638241
638752
638978
639045
639322
639425
639681
639885
639937
640046
640155
640234
640423
640518
640689
640883
641096
641347
641400
641460
642058
642236
642383
642410
642685
643119
643273
643335
643439
643591
643694
644037
644353
644942
645051
645300
645406
645840
645954
646077
646300
646334
646523
646668
646978
647130
647134
647893
647925
648132
648177
648245
648276
648408
648431
649015
649127
649286
649370
649510
649616
649909
649947
650966
651198
651659
651991
652297
652394
652966
653072
653166
653683
653805
653896
654096
654605
654978
655208
655264
655310
655776
655889
655928
655987
656046
656233
656396
656814
657078
657140
657145
657187
657318
657403
657459
657763
658608
658770
658827
658901
659089
659299
659625
659688
659721
660078
660091
660360
660530
660762
660834
660959
661580
661755
661756
662613
662718
663148
663311
663352
664341
664450
664762
665505
666258
666646
666717
667000
667842
667860
668212
668298
668342
668863
669152
669195
669315
669397
669542
669608
669682
669687
669855
669930
670125
670232
670377
670787
671063
671132
671260
671318
672196
672715
673266
673363
673504
673505
673581
673581
673732
673784
673797
673798
674033
674137
674462
674468
674617
674718
675344
675904
676082
676336
676480
676586
676633
676660
676777
676791
676916
677150
677280
677298
677331
677391
677658
677702
677857
677905
677969
677995
678142
678239
678331
678343
678535
678632
678757
678764
679058
679248
679329
679350
679526
679588
679642
679669
680073
680332
680347
680494
681013
681122
681235
681295
681732
682190
682809
682832
683257
683278
683349
683366
684469
684521
684896
685527
685649
685919
686732
687149
687356
687450
687630
688339
688407
688586
688643
688792
688853
688923
688932
689083
689868
689890
690206
690266
690276
690438
690536
690729
691029
691100
691131
691200
691272
691431
691723
691723
691807
691831
692276
692403
692572
692674
693354
693426
693489
693541
693619
693621
693623
694123
694127
694166
694693
694750
694902
695307
695566
695585
695693
695986
696109
696293
696598
696683
696787
696840
697169
697338
697405
697828
698190
698610
698710
698875
699052
699593
699848
699947
700142
700212
700444
700573
700575
700948
701212
701613
701704
701859
702280
702352
702383
702480
702484
702606
702953
703491
703683
703738
703831
703838
703866
704714
705103
705242
705496
705679
705986
706124
706367
706669
706837
707453
707461
707759
707822
708087
708437
708503
708590
708826
709139
709316
709492
709862
709943
710001
710017
710131
710162
710502
710926
711070
711580
711672
712450
712511
712524
712734
712805
713107
713155
713240
713554
713879
714122
714195
714219
714286
714286
714312
714409
714612
715089
715140
715145
715410
715612
715698
716182
716239
716277
716387
717041
717091
717397
717463
717521
717695
718440
718763
718849
719121
719229
719256
719391
719688
720090
720380
720577
720954
721011
721024
721029
721402
721554
722007
722309
722533
722594
723107
723116
723321
723353
723475
723792
723826
723990
724429
724620
724880
724887
724891
725464
725480
725558
726030
726245
726362
726728
726902
727065
727142
727465
727499
727557
727588
727599
727813
728037
728163
728207
728266
728550
728853
728995
729284
729285
729340
729586
729852
729917
730490
730497
731064
731178
731458
731534
731781
732121
732125
732131
732170
732193
732364
732830
733522
733615
733852
734086
734240
734344
734765
734934
735111
735281
735309
735525
735685
736111
736202
736226
736254
736714
736898
737052
737469
737721
738152
738779
738922
739059
739061
739202
739537
740075
740259
740753
740836
741620
741709
741776
742035
742036
742340
742372
742682
742884
743026
743385
744188
744539
744554
744868
744893
744965
745477
745811
746379
746455
746761
746764
746824
746964
747330
747508
747594
747715
747882
747973
748016
748026
748135
748211
748366
748656
748766
748781
748799
749185
749512
749605
749677
749712
749792
750129
750608
750741
750749
750803
750810
750919
751159
751527
751567
751567
751811
751819
751822
751838
751839
752150
752293
752526
752739
753043
753316
753410
753529
753611
753690
753807
753823
754089
754444
754750
755175
755258
755383
756178
756365
756534
757025
757048
757166
757338
757943
757944
758101
758132
758326
758374
758378
758415
758994
759086
759109
759177
759213
759368
759649
760041
760042
760110
760217
760518
760556
760564
760618
760622
760910
761002
761160
761260
761528
761702
761906
762011
762050
762333
762357
762404
762656
762742
762811
763017
763043
763131
763392
763394
763525
764090
764120
764296
764324
764351
764518
764551
764643
764806
764861
765035
765093
765510
765586
765764
765769
765853
765939
765978
766499
766638
766961
766973
768116
768139
768148
768533
768569
768840
768842
768954
769061
769165
769198
769242
769388
769397
769845
770162
770284
770439
770802
770852
770915
771031
771184
771554
771563
772135
772265
772362
772940
773053
773111
773342
773441
773707
773715
773745
773840
774115
774135
774573
774629
774719
774816
774868
774998
775153
776338
776397
776514
776532
776871
777035
777264
777347
777609
777703
777792
778014
778193
778222
778315
778316
778354
778466
778548
778600
778677
779028
779113
779599
780097
780321
780370
780405
780506
780554
780933
781546
781676
782365
782548
783365
783477
783501
783528
783528
783543
783789
783904
784264
784348
784369
784745
784876
784931
785035
785061
785330
785663
785756
785798
785997
786108
786144
786276
786649
786778
786935
787163
787164
787810
788112
788266
788641
788785
788930
789115
789393
789476
789540
789727
789878
790001
790468
790865
791143
791170
791240
791246
791374
791395
791424
791621
792578
792579
792701
792876
792969
793133
793133
793245
793425
793470
793676
794063
794191
794285
794332
794362
794509
794666
794701
794799
795242
795536
795559
795625
795743
796015
796445
796497
796604
796706
796934
797409
797479
797663
798619
799015
799133
799171
799201
799789
799791
799801
800000
800255
800489
800587
800914
801415
801438
801683
801717
802036
802080
802088
802292
802363
802477
802566
802705
802869
802978
803439
803532
803644
803680
803823
804119
804394
804598
804874
804932
805125
805401
805415
805906
805917
805977
806064
806476
806832
807117
807389
807476
807880
808374
808453
808835
809166
809454
809482
809568
809814
809881
810038
810405
810415
810450
810454
810646
810659
810707
810822
810976
811139
811141
811277
811368
811499
811967
812034
812177
812948
813139
813379
813441
813521
813912
813949
814010
814420
814497
814522
814540
814612
814659
814683
814765
814797
814833
814896
815086
815389
815494
815630
815933
816035
816138
816151
816341
816594
816648
816825
816925
816995
817059
817871
817905
817985
817994
818042
818159
818422
818452
818485
818657
818814
818816
819481
819756
819957
820007
820064
820167
820445
820568
820754
821338
821459
821476
821849
821859
822011
822044
822220
822500
822808
822838
822938
823441
823446
823626
824392
824687
824695
824731
824734
825010
825322
825621
826146
826208
826366
826716
826768
826778
826973
827014
827242
827572
827622
827642
827807
827947
828238
828564
828871
829020
829061
829070
829158
829229
829537
829809
830181
830506
830706
830920
831069
831203
831297
831380
831442
831456
831683
831751
831756
831799
831951
832139
832321
832437
832593
833151
833199
833248
833404
833477
833903
834073
834494
834555
834676
835230
835257
835422
835482
835542
835609
835708
835958
836132
836166
836384
836602
836655
837398
837410
837546
837590
837779
838031
838172
838280
838383
838569
838634
838804
839506
839652
839699
839852
840319
840338
840493
840571
840950
841369
841629
842167
842191
842193
842530
842538
843021
843604
843654
843754
843826
844155
844299
844332
844587
844674
844686
845363
845703
845759
845830
846231
846603
846866
846997
847147
847206
847254
847342
847406
847692
847747
847912
847950
848237
848365
848473
848618
848998
849186
849286
849519
849621
849855
849869
849891
849935
850248
850369
850450
850512
850821
850996
851201
851387
851607
851913
852049
852213
852285
852313
852351
852609
852820
852849
853053
854029
854188
854205
854247
854431
854455
854497
854506
854561
854609
855020
855095
855158
855789
856706
856865
857298
857408
857410
857463
857484
858256
858517
859072
859266
859318
859609
859693
860333
860453
860493
860664
860791
861221
861359
861396
861519
861563
861667
861967
861978
862052
862092
862358
862447
862594
863205
863554
863784
863837
863930
864227
864383
864915
865221
865245
865255
865514
865637
865669
865737
865848
866149
866497
866546
866558
866709
866892
867054
867650
867963
868251
868324
868395
868844
869249
869329
869520
869841
869842
870217
870222
870561
870796
871046
871131
871446
871605
871818
872193
872194
872277
872613
872635
872793
872809
872841
873107
873248
873254
873292
873400
873563
873687
873977
874451
875368
875715
875775
875790
875830
876142
876156
876367
876633
876779
876838
876997
877003
877012
877097
877578
877775
877874
877948
878034
878051
878122
878601
878744
878882
879233
879570
879676
879826
879977
881224
881264
881518
881741
881783
881822
882344
882422
882452
882744
882888
883307
883317
883352
883420
883595
883741
883773
884030
884927
885158
886034
886091
886147
886504
886569
887385
887416
887669
887678
887804
887941
888092
888349
888513
888764
888808
888836
889032
889297
889575
889687
889776
890016
890430
890651
890877
891089
891394
891565
892145
892474
892539
892658
892771
892807
892996
893291
893421
893656
894104
894425
894489
894626
894922
894994
895089
895180
895874
896057
896206
896432
896998
897124
897168
897936
898172
898283
898397
899150
899450
899463
899497
899754
900020
900042
900412
900507
900544
900552
900611
900676
900862
900895
901193
901211
901433
901754
901785
901992
902808
903259
903363
903603
903710
903780
903869
903946
903952
904355
904453
904855
904990
905081
905116
905155
905176
905222
905251
905442
905570
905743
906439
906541
906583
906951
907010
907263
907294
907899
907911
908163
908188
908222
908231
908263
908550
908720
908868
909685
909716
909782
909884
909901
909926
910213
910288
910902
911155
911196
911210
911281
911518
911638
911668
911951
912120
912225
912271
912440
912823
912883
913068
913675
914308
914505
914725
915263
915283
915331
915500
915523
915547
915664
915672
915829
915868
916047
916066
916093
916287
916325
916337
916425
916554
916779
916866
916977
917195
917313
917451
917576
917911
918430
918923
918960
919131
919242
919762
919981
920369
920378
920410
920425
920862
921025
921063
921228
921387
921442
921463
921594
922197
922393
922562
922963
923216
923303
923442
923479
923781
924164
924340
925147
925242
925338
925579
925974
926074
926267
926278
926354
926616
927005
927162
928203
928413
928685
928749
928863
928882
928991
929013
929186
929731
929783
929814
930155
930256
930267
930438
930442
930531
931761
931822
932225
932339
932351
932725
933042
933365
933575
933622
933723
933815
933922
934112
934462
934638
934842
934855
934893
935335
935404
935694
935914
936417
936785
936942
937029
937172
937227
937762
937866
937948
938422
938779
938852
938959
939486
939524
939525
939966
939980
940512
940579
940687
940891
941425
941450
941613
941801
941904
941953
942152
942176
942254
942531
942596
942678
942736
942903
942917
943319
943685
943808
943826
944014
944029
944129
944316
944590
944839
945052
945131
945182
945594
945704
946163
946169
946307
946735
947032
947183
947278
947336
947799
947952
947969
948172
948386
949519
949754
950123
950240
950408
950739
950770
950790
950906
951346
951740
952062
952068
952078
952676
952762
952766
952936
952957
953288
953484
953991
954228
954334
954545
954627
955031
955171
955250
955479
955481
955772
956047
956071
956338
956668
956673
956708
956710
956957
957192
957580
957889
957992
958279
958628
958716
958986
959031
959224
959694
959843
960548
960628
960660
961348
961552
961553
961557
961599
961867
962050
962260
962385
962452
962834
962834
963058
963644
963881
964286
964861
964921
964970
965504
965694
966610
966636
967077
967416
968148
968982
969002
969051
969132
969283
969342
969785
970267
970278
970435
970511
970611
970702
970800
970913
971290
971376
971449
971525
971605
971622
971832
972351
972357
972406
972550
972678
972812
972823
973025
973296
973630
973686
973991
974048
974514
974569
974766
975255
975685
975744
975802
975928
976019
976136
976273
976505
976623
977054
977763
977908
978530
978562
978569
978640
979188
979205
979234
979236
979687
979744
979745
980144
980445
980783
980940
980989
981045
981129
981371
982150
982199
982207
982378
982596
982626
983219
983439
983587
983691
983771
984159
984388
984397
984411
984461
984589
984758
984996
984996
985030
985076
985343
985380
986055
986085
986237
986295
986484
986532
987076
987232
987776
987997
988388
988422
988683
988760
989363
989923
990012
990059
990466
990490
990495
990616
990812
990940
991316
991508
991608
991712
991848
991990
992130
992248
992363
992405
992481
993242
993657
994003
994069
994235
994496
994545
994591
994943
995061
995156
995425
995555
995940
996329
996380
996449
996538
997118
997333
997413
997734
997913
998134
998372
998378
998833
999288
999357
999425
999719
