27
127
310
315
330
457
544
551
771
776
790
810
875
880
941
949
1099
1111
1187
1558
1597
1677
1705
2160
2216
2306
2340
2422
2488
2605
2797
2884
2914
2939
2953
3107
3333
3444
3550
3555
3764
3772
3853
3974
4056
4141
4239
4414
4480
4534
4559
4671
4891
4932
5133
5148
5330
5502
5517
5557
5563
5733
5841
5979
6000
6004
6039
6376
6450
6546
6575
6575
6580
6810
6983
6985
7057
7172
7208
7262
7989
8000
8128
8245
8391
8441
8569
8577
8623
8642
8747
8747
9072
9099
9101
9227
9227
9397
9408
9506
9651
9903
10045
10055
10129
10131
10139
10162
10363
10444
10523
10523
10563
10660
10669
10740
10826
10928
10940
10963
10979
11067
11214
11250
11375
11375
11442
11512
11685
11719
11881
11917
11931
12657
12731
12785
12856
12960
13088
13107
13187
13237
13365
13515
13683
13759
13853
13872
14159
14165
14267
14470
14495
14530
14598
14774
14850
14887
14907
14991
15073
15107
15189
15203
15233
15277
15318
15508
15560
15657
15736
15780
15889
16007
16098
16356
16364
16407
16523
16586
16601
16672
16699
16754
16777
16865
17110
17122
17286
17306
17316
17672
17806
17826
18083
18126
18196
18441
18663
18668
18717
18778
18818
18922
18962
19051
19110
19168
19177
19237
19348
19359
19769
19897
19965
20237
20504
20598
20623
20710
20976
21084
21160
21248
21299
21536
21609
21835
21862
21907
21962
21980
22225
22227
22252
22349
22445
22479
22749
22976
22999
23256
23341
23421
23479
23499
23546
23671
23680
23788
24001
24077
24082
24194
24223
24227
24253
24279
24394
24500
24663
25093
25269
25510
25630
25641
25648
25664
25666
25669
25730
25804
26046
26433
26446
26665
26833
26948
26953
26961
27021
27032
27091
27408
27482
27501
27876
28065
28274
28461
28469
28476
28498
28675
28799
28854
28991
29019
29068
29214
29220
29341
29684
29791
29839
29871
29878
29899
30150
30185
30360
30411
30564
30568
30661
31136
31214
31499
31653
31752
31814
32013
32018
32089
32135
32135
32461
32960
32981
33001
33013
33242
33277
33303
33484
33571
33592
33722
33786
33788
33816
33958
33960
33983
34089
34107
34178
34200
34317
34507
34554
34631
34736
34928
35108
35311
35314
35362
35587
35610
35643
35676
35759
35894
36009
36394
36454
36455
36661
36691
36692
36716
36749
36912
36976
37023
37062
37486
37532
37784
37816
37917
37962
37995
38014
38093
38148
38265
38395
38588
38661
38756
38773
38991
39089
39172
39258
39389
39604
39627
39667
39770
39777
39892
39894
39921
39983
40044
40089
40134
40174
40464
40512
40519
40704
40759
40760
40808
41099
41102
41114
41256
41286
41374
41514
41537
41672
41785
41823
41830
41902
42011
42065
42196
42202
42325
42499
43132
43231
43267
43552
43623
43771
43807
43914
44040
44165
44296
44341
44521
44542
44549
44555
44690
44722
45124
45149
45365
45429
45440
45466
45529
45616
45724
45724
45783
45807
45901
46055
46361
46416
46448
46549
46651
46759
46794
46814
46836
46951
47132
47185
47217
47269
47361
47364
47468
47492
47565
47923
48424
48598
48778
48886
48902
48918
48951
49088
49153
49204
49333
49437
49544
50122
50146
50311
50481
50512
50621
50627
51139
51211
51263
51331
51358
51507
51528
51736
51843
51854
51929
51988
51999
52150
52251
52267
52313
52409
52410
52450
52641
52663
52756
52950
52993
53129
53156
53175
53273
53319
53341
53461
53503
53536
53692
53700
53715
54348
54722
54856
54906
54987
55011
55034
55149
55164
55298
55314
55353
55474
55536
55547
55655
55671
55744
55861
55918
56087
56276
56306
56308
56422
56447
56524
56595
56681
56716
56839
56934
57005
57264
57286
57357
57395
57586
57737
57743
57744
57785
57836
58015
58018
58026
58167
58363
58404
58407
58545
58558
58579
58619
58708
58914
58967
58970
58970
59173
59287
59475
59541
59758
59759
59876
59953
60106
60114
60447
60613
60650
60789
60789
60927
61096
61203
61328
61443
61526
61533
61643
61705
61755
61762
62011
62252
62308
62362
62683
62705
62937
63010
63022
63116
63264
63316
63579
63586
63700
63708
63722
63770
64101
64117
64197
64208
64320
64401
64702
64781
64806
64834
64964
64970
65033
65095
65203
65390
65453
65508
65543
65720
65811
65900
65963
66028
66265
66310
66357
66358
66539
66566
66600
66636
66766
67039
67073
67087
67124
67203
67431
67470
67795
67812
67980
67988
68187
68232
68353
68453
68683
68777
68932
69178
69226
69309
69477
69481
69718
69722
69724
69767
70008
70018
70236
70333
70374
70750
70773
70836
70854
70868
70911
70979
71238
71305
71401
71564
71576
71623
71670
71818
71851
71985
72043
72055
72122
72539
72613
72621
72671
72880
72897
72942
73156
73158
73249
73359
73363
73372
73441
73444
73565
73601
73763
73790
73915
74045
74267
74373
74486
74615
74709
74821
74840
74846
74853
74872
74881
75029
75165
75206
75206
75319
75534
75679
75751
75905
76068
76130
76143
76293
76305
76336
76422
76669
76779
76884
77033
77094
77270
77291
77484
77689
77745
77845
77999
78010
78316
78576
78646
78664
78971
78983
79022
79117
79228
79581
79706
79723
79753
79804
79850
79903
80245
80407
80570
80659
80773
80861
81000
81007
81249
81349
81495
81573
81714
81831
82016
82080
82150
82170
82174
82178
82405
82634
82693
82699
82797
82943
82995
83038
83222
83238
83282
83382
83535
83635
84161
84168
84169
84214
84294
84532
84555
84612
84929
85042
85091
85207
85231
85655
85756
85770
85773
85799
85838
85947
86060
86186
86367
86427
86510
86738
86773
86967
87100
87190
87192
87342
87421
87449
87464
87502
87553
87578
87587
87834
88094
88113
88171
88259
88301
88408
88415
88491
88622
88673
88769
89032
89288
89341
89507
89615
89631
89819
89871
89885
89969
89977
90409
90555
90610
90792
90799
90833
90875
90893
91060
91141
91180
91324
91325
91353
91377
91497
91677
91911
91916
91942
92077
92149
92171
92261
92283
92323
92358
92381
92477
92576
92585
92745
93030
93033
93161
93264
93571
93607
93863
93895
94061
94143
94267
94565
94606
94684
94756
94765
94770
94885
94901
94934
94973
95038
95117
95174
95201
95208
95257
95318
95402
95513
95719
95895
96177
96256
96356
96368
96480
96513
96686
96707
96996
97235
97558
97563
97830
97930
97952
98132
98136
98253
98636
98689
98720
98808
98872
98969
99098
99260
99277
99602
99626
99652
99664
99764
99814
99888
99967
100089
100132
100160
100191
100218
100529
100551
100657
100684
100704
100825
100831
100874
100939
101029
101072
101324
101353
101431
101636
101713
101799
101856
102149
102157
102215
102232
102254
102452
102475
102582
102758
102821
102884
103065
103130
103333
103893
103916
103957
103964
104200
104288
104436
104597
104661
104750
104773
104859
105064
105194
105313
105401
105550
105618
105683
105707
105856
105913
106208
106249
106355
106623
106665
106718
106767
106768
106887
106940
107164
107196
107214
107340
107359
107462
107514
107526
107714
107781
107825
107853
107885
108051
108322
108453
108495
108533
108720
108751
108959
109079
109354
109518
109608
109791
109845
110047
110051
110072
110092
110157
110197
110223
110239
110380
110402
110457
110485
110673
110784
110860
110909
110947
111234
111289
111293
111550
111654
111730
111895
112046
112058
112213
112270
112439
112596
112795
112872
112926
112998
113314
113563
113588
113644
113678
113717
113758
113842
113990
114009
114023
114257
114331
114396
114859
115124
115129
115157
115170
115262
115434
115434
115803
116126
116136
116184
116195
116266
116272
116276
116388
116438
116561
116663
116713
116761
116766
116871
117091
117134
117163
117190
117414
117429
117621
117633
117860
117951
118090
118117
118334
118377
118378
118585
118621
118749
118828
118859
118904
119229
119269
119412
119652
119690
119739
119780
119809
119884
119946
120001
120015
120267
120270
120567
120750
120800
120819
121015
121096
121255
121341
121422
121431
121440
121592
121608
121640
121825
121928
121981
122022
122058
122159
122159
122241
122306
122490
122535
122668
122746
123024
123126
123175
123263
123313
123458
123485
123502
123565
123684
123776
123803
123807
123906
123943
124064
124203
124274
124289
124317
124321
124329
124415
124845
124865
124873
124966
125030
125269
125444
125547
125932
126073
126417
126501
126545
126547
126547
126715
126783
126987
127061
127151
127265
127275
127365
127509
127653
127711
127811
127880
128026
128030
128056
128076
128094
128684
128887
128896
128922
128928
129070
129185
129276
129365
129705
129901
129903
129963
129972
130077
130078
130152
130172
130301
130317
130323
130339
130350
130436
130551
130595
130664
130729
130784
130942
131002
131090
131454
131463
131523
131606
131891
132218
132307
132386
132498
132515
132665
132747
132858
133092
133194
133294
133407
133412
133458
133557
133745
133780
133793
133802
133846
133899
134124
134248
134480
134498
134559
134614
134662
134680
134701
134745
135149
135159
135650
135665
135713
135769
135833
135922
136013
136043
136270
136271
136547
136682
137059
137135
137402
137524
137743
137755
137823
137946
137985
138002
138021
138026
138157
138167
138186
138251
138384
138396
138463
138814
138819
138839
138873
138953
139103
139145
139284
139433
139576
139658
139824
139928
140013
140262
140445
140583
140636
140666
140754
140823
140869
140876
140999
141017
141059
141252
141313
141315
141487
141622
141679
142004
142028
142105
142150
142352
142378
142471
142501
142520
142587
142638
142726
142744
142793
142823
142836
142996
143030
143160
143190
143206
143729
144009
144021
144063
144092
144478
144571
144673
144772
144923
145012
145118
145234
145379
145499
145509
145512
145559
145600
145877
145888
145965
146091
146158
146200
146321
146477
146570
146634
146737
146997
147085
147229
147245
147247
147413
147422
147476
147517
147554
147587
147779
147805
147881
148055
148084
148090
148160
148247
148290
148296
148300
148374
148449
148459
148562
148880
149085
149087
149267
149299
149301
149415
149462
149652
149933
150072
150084
150115
150131
150135
150216
150345
150736
150741
151009
151088
151407
151425
151484
151486
151849
151910
152091
152113
152259
152316
152398
152473
152538
152662
152683
152827
152851
152904
153224
153534
153592
153597
153890
153914
153921
153925
153935
154001
154487
154677
154686
154693
154704
154771
154820
154904
154954
155007
155071
155125
155202
155227
155267
155398
155421
155537
155797
155891
155912
155962
156011
156063
156080
156085
156133
156183
156289
156430
156441
156583
156606
156629
156648
156714
156873
156927
157036
157048
157077
157381
157413
157516
157522
158074
158106
158216
158284
158300
158324
158563
158610
158672
158698
158777
158910
159099
159126
159190
159482
159520
159546
159677
159689
159716
159735
159757
159816
159826
159862
159880
159911
160038
160059
160101
160173
160338
160455
160536
160571
160578
160590
160654
160719
160990
161046
161145
161158
161274
161471
161495
161743
161751
161824
161840
161864
161901
162005
162005
162096
162233
162312
162542
162548
162879
163196
163700
164339
164377
164544
164593
164806
164867
164884
164933
165118
165173
165182
165551
165654
165683
165822
165984
166204
166310
166507
166590
166611
166835
166898
166900
166923
166923
167047
167351
167357
167406
167484
167498
167515
167633
167688
167759
168126
168189
168191
168228
168230
168333
168445
168534
168566
168708
169039
169170
169674
169844
170018
170197
170308
170374
170459
170749
170909
171039
171040
171128
171187
171327
171350
171361
171364
171486
171538
171760
171851
171939
172283
172327
172534
172723
172838
172931
172969
173038
173221
173286
173432
173520
173706
173846
173863
173976
174049
174078
174192
174253
174277
174290
174314
174364
174396
174415
174625
174648
175004
175136
175172
175275
175332
175453
175495
175502
175526
175565
175899
175915
176313
176331
176343
176357
176360
176376
176460
176497
176510
176647
176691
176895
177115
177218
177279
177671
177949
178004
178127
178157
178348
178793
178799
179301
179494
179509
179513
179594
179674
179756
179851
179876
179910
180026
180091
180320
180414
180577
180858
180911
180991
181005
181095
181118
181237
181335
181390
181418
181447
181656
181699
181864
181976
182305
182364
182372
182450
182675
182902
183052
183055
183099
183217
183219
183240
183283
183375
183677
183704
183899
183930
183942
183991
184366
184415
184507
184542
184944
184997
185019
185372
185383
185390
185606
185662
185780
186111
186160
186422
186569
186592
186759
186813
187111
187192
187244
187472
187508
187561
187622
187654
187953
188008
188025
188092
188315
188350
188395
188562
188862
188873
188884
188956
189078
189088
189503
189512
189521
189701
189761
189770
189781
189844
189854
190070
190080
190511
190584
190635
190656
190696
190942
190951
191040
191154
191191
191457
191645
191798
191815
191993
192153
192192
192308
192413
192441
192539
192675
192709
193050
193104
193260
193317
193323
193326
193454
193493
193517
193553
193718
193825
193956
194035
194299
194347
194389
194804
194961
195084
195116
195445
195500
195549
195558
195650
195677
195706
195785
195894
195898
195905
196056
196133
196199
196269
196311
196458
196478
196554
196767
196785
196814
196969
197090
197286
197442
197463
197521
197535
197550
197624
197762
198262
198441
198509
198591
198745
198787
198986
199143
199325
199410
199419
199444
199474
199531
199629
199913
199959
200285
200415
200425
200488
200564
200659
200733
200777
200799
200801
200816
200874
200893
201008
201075
201104
201145
201177
201188
201556
201611
201625
201661
202032
202085
202109
202220
202336
202569
202608
202613
202646
202666
202687
202733
202857
203036
203060
203153
203190
203375
203465
203468
203876
203902
204084
204159
204197
204230
204245
204299
204355
204436
204537
204596
205113
205146
205292
205350
205461
205463
205468
205592
206104
206133
206139
206167
206320
206428
206650
206702
206780
206936
207072
207089
207252
207437
207533
207605
207607
207806
207870
207890
208005
208422
208569
208834
208852
208894
208929
209076
209097
209246
209282
209316
209332
209349
209354
209558
209778
209836
209867
209932
209940
209954
210071
210170
210303
210363
210450
210627
210628
210636
210746
210836
210853
210981
211007
211086
211122
211130
211135
211136
211276
211302
211325
211406
211412
211458
211478
211504
211599
211603
211847
211941
212387
212560
212667
212942
213031
213307
213447
213484
213567
213672
213691
213733
213737
213760
213840
214250
214386
214513
214586
214600
214757
215033
215167
215304
215339
215349
215390
215417
215428
215435
215584
215743
215785
215832
216004
216248
216320
216536
216546
216578
216660
216698
216805
216867
216907
217046
217089
217170
217180
217249
217387
217604
217673
217768
217819
218088
218135
218156
218194
218198
218260
218533
218567
218579
218716
218813
218931
218956
218994
219385
219387
219571
219636
219675
219765
220214
220277
220310
220363
220475
220482
220592
220782
220800
220860
221224
221254
221526
221623
221964
222086
222151
222185
222472
222504
222530
222550
222604
222640
222644
222944
223086
223131
223224
223505
223618
223638
223692
223821
224031
224065
224101
224168
224492
224531
224582
224614
224866
224894
224952
225093
225258
225266
225276
225335
225629
225790
225878
225900
226180
226189
226238
226240
226455
226604
226958
227068
227113
227135
227204
227711
227730
227826
227845
227888
227995
228083
228099
228107
228118
228123
228278
228585
228657
228960
229320
229331
229389
229405
229409
229584
229601
229661
229857
229920
229952
229993
230069
230182
230194
230205
230401
230521
230553
230734
230802
230975
231185
231271
231276
231480
231516
231596
231746
231815
231875
232030
232237
232448
232563
233049
233438
233645
233723
233763
233937
234019
234064
234215
234371
234376
234674
234746
234774
234798
235022
235156
235172
235354
235421
235469
235549
235715
235834
235958
236188
236197
236333
236744
236783
236946
237226
237524
237787
237808
237850
237957
237969
237977
238027
238028
238074
238100
238183
238216
238233
238542
238758
238822
238844
238898
238916
238969
239015
239035
239209
239302
239360
239368
239425
239436
239583
239795
239871
240071
240129
240199
240266
240297
240455
240476
240513
240668
241182
241194
241355
241566
241724
241865
241906
242060
242601
242735
242892
243509
243683
244039
244053
244061
244080
244184
244243
244431
244495
244535
244601
244644
244674
244706
244944
245127
245300
245344
245387
245476
245478
245639
245967
246139
246177
246223
246338
246354
246545
246722
246737
246757
246821
246993
246996
247303
247311
247339
247464
247487
247707
247914
248035
248072
248114
248118
248156
248157
248443
248583
248643
248687
248765
248840
248892
248953
249287
249396
249438
249548
249697
250019
250026
250176
250328
250446
250536
250736
250828
250903
250911
251034
251101
251224
251422
251495
251549
251646
251933
251987
252041
252114
252138
252346
252565
252774
252985
253085
253144
253212
253237
253253
254068
254116
254142
254214
254348
254410
254657
254685
254758
254852
254914
255045
255053
255282
255489
255570
255732
255751
255785
255825
256051
256112
256197
256547
256738
256859
256917
256936
256972
257029
257202
257445
257473
257536
257545
257705
257801
257811
257865
257969
258028
258067
258188
258346
258360
258701
258869
259457
259502
259504
259721
259769
259907
259930
259937
260091
260110
260276
260447
260482
260521
260631
260640
260701
260734
260874
260908
260987
260996
261023
261088
261167
261206
261239
261387
261461
261470
261709
261730
261771
261788
262185
262268
262297
262320
262471
262574
262758
262776
262812
262934
262973
262991
263001
263049
263140
263146
263275
263370
263482
263566
263644
263750
263833
263843
264378
264426
264452
264601
264701
264775
264834
265126
265182
265338
265396
265468
265503
265516
265517
265566
265573
265582
265596
265663
265708
265781
265796
265875
266195
266350
266360
266404
266488
266651
266691
266695
266852
267049
267076
267168
267193
267196
267196
267340
267358
267372
267759
267786
267971
267984
268100
268183
268214
268218
268357
268369
268497
268556
268604
268617
268700
268756
268867
268975
269020
269290
269399
269473
269505
269573
269593
269616
269764
269797
269815
269837
270119
270121
270374
270513
270532
270566
270613
270766
270860
270893
270925
271036
271060
271100
271217
271317
271384
271394
271499
271540
271606
271708
271732
271835
272145
272290
272346
272570
272715
272828
272921
272976
273050
273225
273471
273500
273605
273919
273923
273972
274173
274193
274380
274458
274510
274611
274747
274844
274924
275067
275160
275207
275263
275438
275463
275525
275590
275849
275852
275917
276249
276360
276431
276523
276651
276870
277092
277114
277177
277203
277222
277496
277506
277572
277679
277680
277871
277878
278053
278200
278221
278299
278355
278522
278611
278709
278858
278877
278902
278921
278922
278950
279324
279418
279527
279713
279783
279939
280032
280190
280685
280835
280920
280980
281229
281232
281291
281301
281307
281355
281358
281426
281508
281654
281679
281899
281945
281989
282056
282082
282089
282089
282163
282329
282372
282470
282609
282748
282799
283210
283217
283227
283367
283368
283461
283526
283553
283632
283655
283872
284075
284205
284238
284440
284564
284569
284660
284713
284758
284838
284882
284907
285023
285134
285139
285143
285168
285318
285330
285366
285446
285942
286118
286189
286273
286355
286380
286383
286747
286754
286871
287098
287127
287226
287251
287513
287944
288226
288259
288329
288431
288516
288551
288566
288597
288642
288699
288823
288936
289031
289052
289098
289102
289148
289221
289233
289408
289430
289498
289620
289923
289977
290374
290513
290522
290596
290620
290741
290832
290858
291024
291047
291335
291350
291399
291421
291510
291800
292015
292067
292080
292112
292258
292422
292448
292453
292534
292642
292695
292719
292746
292884
292919
292939
292965
292976
293158
293209
293211
293224
293429
293452
293472
293528
293577
293607
293716
293855
293991
294062
294063
294108
294181
294314
294469
294543
294570
294741
294834
294835
294950
295155
295259
295371
295429
295714
295729
295801
295878
295946
296157
296194
296695
296753
296958
297030
297161
297175
297218
297739
297863
298058
298058
298202
298273
298779
298814
298823
298842
298869
298921
299050
299072
299234
299357
299411
299453
299545
299601
299638
299853
299872
299878
299905
300012
300103
300162
300309
300406
300447
300745
300770
300820
301011
301031
301047
301072
301150
301200
301204
301318
301638
301669
301706
301832
301887
301919
302058
302543
302596
302629
302827
302961
303014
303070
303085
303313
303371
303410
303454
303503
303559
303736
303739
303851
303920
303939
303967
303979
304075
304232
304369
304439
304573
304752
304755
304915
304974
305137
305220
305287
305427
305438
305618
305689
305798
305905
305906
305913
305969
306272
306340
306410
306435
306708
306750
306854
307131
307151
307214
307222
307283
307326
307336
307742
307891
307929
307981
307985
308146
308158
308200
308463
308656
308996
309059
309203
309212
309289
309907
309913
310014
310044
310104
310272
310412
310679
310793
311234
311384
311430
311474
311484
311495
311711
311740
311778
311790
311898
311908
311952
312131
312154
312259
312272
312396
312429
312444
312471
312630
312778
312811
312891
312897
313020
313209
313368
313390
313513
313541
313599
313656
313713
313964
314056
314078
314200
314212
314254
314301
314449
314637
314762
314941
314951
314954
315009
315045
315057
315329
315462
315986
316110
316138
316252
316271
316333
316361
316498
316555
316556
316599
317128
317164
317174
317186
317272
317304
317339
317483
317574
317580
317829
317868
318313
318357
318410
318530
318647
318662
318901
319192
319369
319404
319457
319584
319646
319667
319692
319718
319826
320079
320255
320378
320394
320526
320551
320787
320884
320895
321013
321182
321524
321527
321598
321642
321852
321899
321915
322051
322382
322438
322465
322638
322674
322790
322803
323037
323093
323178
323209
323336
323336
323401
323409
323430
323496
323563
323688
323707
323849
323880
324526
324554
324555
324624
324819
324855
325113
325381
325409
325432
325478
325524
325628
325638
325647
325786
325858
326015
326032
326109
326179
326233
326548
326574
326932
326971
327145
327290
327301
327389
327457
327628
327666
327730
327847
327875
327887
328021
328129
328138
328168
328223
328473
328514
328591
328633
328972
329234
329290
329349
329794
329952
330073
330081
330262
330320
330595
330665
330739
330904
330978
331037
331131
331174
331187
331276
331510
331595
331696
331751
331845
331870
331976
332020
332049
332059
332103
332334
332336
332466
332903
333070
333084
333132
333151
333287
333520
333588
333666
333756
333780
333957
333977
334008
334194
334244
334294
334376
334662
334843
335013
335045
335097
335113
335150
335187
335910
335942
336054
336121
336256
336512
336555
336608
336658
337117
337179
337631
337753
337847
337874
338006
338067
338135
338149
338201
338224
338246
338294
338397
338407
338443
338472
338560
338771
338876
339009
339214
339333
339372
339379
339548
339678
339987
340148
340296
340301
340331
340517
340705
340890
340925
341156
341180
341323
341359
341398
341436
341540
341805
341900
341962
342022
342124
342274
342408
342633
342708
342744
342925
343030
343065
343106
343169
343254
343321
343370
343582
343592
343606
343726
343756
343833
343857
343932
344161
344215
344411
344588
344631
344763
344819
344825
344846
345191
345373
345415
345609
345641
345674
345746
345747
345847
346126
346155
346163
346374
346517
346557
346607
346608
346688
346719
346765
346811
346890
347001
347184
347239
347346
347451
347518
347611
347731
347858
347934
347970
348010
348032
348189
348221
348502
348529
348609
348784
348882
348902
348903
349090
349141
349416
349417
349444
349798
349875
350152
350247
350466
350482
350576
350611
350701
350752
350798
350920
351271
351369
351642
351664
351738
351775
351830
352109
352182
352218
352321
352348
352360
352592
352602
352686
352701
352746
352787
352943
353089
353093
353199
353294
353484
353507
353818
353892
354008
354060
354103
354250
354283
354361
354481
354516
354551
354680
354683
354694
354713
354758
354833
354989
355113
355175
355252
355463
355581
355772
355879
355883
355980
356104
356117
356178
356204
356208
356401
356514
356633
356643
356663
357275
357334
357369
357517
357584
357729
357750
358122
358135
358310
358516
358673
358792
358974
359076
359167
359235
359307
359360
359454
359497
359664
359690
359721
359824
359864
359920
359984
360053
360059
360127
360311
360466
360509
360675
360684
360908
361007
361043
361218
361225
361310
361322
361333
361721
361897
362125
362214
362257
362381
362475
362498
362534
362541
362566
362572
362607
362921
362957
363268
363286
363367
363397
363557
363672
363765
363832
364234
364345
364598
364660
364887
364890
364978
365025
365228
365230
365237
365328
365370
365542
365715
365740
365900
365909
365949
365980
365989
366010
366043
366170
366214
366223
366338
366545
366685
366748
366772
366799
366871
367099
367161
367184
367262
367310
367344
367367
367411
367497
367612
367629
367698
367711
367861
367963
367983
368359
368395
368405
368421
368432
368497
368551
368798
368818
368833
368856
368925
369050
369189
369303
369342
369364
369674
369695
369763
370386
370863
370895
370967
371098
371113
371186
371270
371439
371678
371693
371752
371837
371878
371994
372044
372415
372793
372802
372877
373173
373334
373357
373534
373710
373814
374071
374071
374313
374526
374545
374553
374739
374749
374788
374874
374916
374958
375080
375224
375281
375424
375575
375608
375739
376048
376053
376337
376553
376587
376650
376707
376929
376970
377007
377145
377149
377169
377222
377366
377414
377448
377450
377460
377535
377659
377680
377694
377742
377751
377802
377927
377974
378080
378139
378304
378565
378711
378753
378772
378857
378862
378891
378910
379055
379056
379078
379125
379222
379405
379708
379782
379812
379933
380188
380586
380721
380740
380822
380826
380900
380952
381047
381308
381435
381482
381698
381699
381738
381739
381912
382065
382274
382533
382572
382753
382804
382903
383319
383355
383569
384052
384082
384151
384154
384173
384210
384257
384278
384285
384320
384572
384649
384747
384769
384977
385077
385173
385208
385296
385468
385517
385552
385631
385703
385830
386097
386129
386161
386276
386298
386456
386524
386556
386591
386666
386724
386761
386844
386855
386918
387186
387354
387382
387447
387472
387505
387639
387647
387700
387739
387764
387805
388091
388109
388358
388503
388561
388655
388918
389105
389129
389165
389239
389370
389377
389429
389441
389495
389763
389784
389858
389872
390107
390277
390685
390955
391089
391165
391287
391318
391577
391731
391747
391932
391934
392000
392140
392171
392345
392377
392420
392439
392445
392446
392495
392688
392700
392832
392861
392918
393114
393219
393233
393294
393323
393377
393435
393716
393980
394155
394348
394382
394534
394567
394658
395068
395104
395116
395248
395259
395382
395437
395479
395500
395762
395763
395777
395878
395937
395953
395959
395983
395990
396134
396150
396185
396215
396235
396318
396331
396464
396684
396817
396855
397025
397346
397464
397584
397600
397622
397761
397839
397891
397903
398008
398202
398241
398419
398536
398809
399313
399371
399457
399564
399691
399710
399808
399908
399921
399934
399936
399967
400038
400071
400072
400081
400158
400296
400591
400724
401182
401235
401244
401379
401550
401818
402141
402210
402256
402283
402448
402637
402694
402732
402768
402892
402894
402928
402977
402980
403069
403204
403208
403363
403512
403807
403844
404033
404188
404342
404363
404499
404544
404619
404770
405097
405144
405341
405356
405481
405549
405998
406086
406131
406300
406301
406324
406345
406352
406621
406659
406705
406735
406782
406878
406921
406962
407078
407102
407240
407438
407600
407632
407698
407734
407788
407847
407867
408285
408369
408375
408444
408490
408524
408558
408628
408914
409014
409047
409237
409291
409400
409413
409607
409829
409850
410103
410355
410400
410409
410425
410477
410611
410675
410779
410867
411179
411307
411418
411524
411691
412048
412226
412382
412388
412396
412439
412448
412451
412642
412643
412886
413193
413339
413428
413547
413583
413593
413759
413843
413851
413954
414265
414422
414444
414472
414493
414636
414818
414884
415079
415252
415268
415453
415584
415617
415694
415751
415780
416294
416303
416429
416554
416607
416805
416907
416910
416938
417074
417547
417803
417813
417830
417906
418188
418273
418409
418630
418759
419270
419300
419504
419541
419548
419585
419648
419687
419721
419905
419935
420101
420196
420307
420533
420597
420660
420727
420759
420904
421126
421262
421277
421316
421354
421371
421574
421659
421727
421852
421894
421920
421988
422067
422129
422134
422149
422225
422320
422550
422961
423034
423239
423280
423391
423441
423455
423537
423798
423808
423915
424031
424184
424224
424440
424469
424528
424655
424698
424731
424771
425071
425122
425138
425241
425354
425444
425492
425530
425556
425590
425777
425920
426059
426115
426145
426246
426429
426523
426536
426548
426731
426736
426786
426824
426901
426936
427027
427142
427509
427562
427811
427885
428174
428181
428213
428575
428613
428882
428932
429038
429161
429219
429482
429560
429636
429820
429939
430352
430372
430374
430559
430564
430666
430667
430770
430859
430981
430986
430988
431462
431509
431554
431669
431719
431978
432064
432126
432132
432205
432387
432613
432704
432707
433035
433101
433182
433183
433397
433430
433532
433570
433571
433791
433814
433828
433870
433906
433936
434170
434233
434251
434316
434444
434475
434530
434737
434749
434769
434995
435160
435377
435399
435585
435702
435817
436011
436095
436098
436190
436214
436433
436451
436584
436670
436803
436859
436935
436969
437187
437266
437276
437322
437387
437549
437848
437907
437908
437984
438105
438126
438275
438319
438372
438468
438549
438570
438678
438703
438877
438954
439014
439130
439159
439247
439363
439517
439526
439702
439720
439733
439760
439770
439786
439845
440201
440244
440256
440499
440553
440571
440596
440656
440667
440718
440856
441380
441442
441476
441493
441535
441623
441722
441797
441925
442158
442213
442484
442573
442692
442693
442711
442786
443091
443233
443405
443881
443931
443968
444020
444053
444108
444219
444225
444281
444281
444459
444697
444700
444701
444984
445223
445396
445411
445552
445714
445715
445735
445748
446020
446036
446050
446070
446137
446176
446195
446225
446260
446411
446521
446643
446736
447211
447300
447355
447466
447678
447768
447770
447908
448082
448114
448925
449007
449118
449125
449144
449373
449384
449448
449542
449575
449702
449758
449765
449847
449893
449923
449963
449986
450041
450092
450097
450155
450209
450252
450290
450396
450419
450582
450749
450749
450898
451054
451117
451257
451745
451789
451919
451934
452004
452205
452219
452344
452363
452575
452647
452663
452803
452886
453034
453115
453137
453336
453625
453716
453793
453793
454120
454283
454293
454553
454632
454653
454966
455006
455093
455223
455419
455425
455983
456064
456219
456609
456661
456666
456692
456736
456739
456755
456853
456990
457065
457184
457220
457380
457533
457656
457692
457725
457744
457864
458077
458099
458243
458281
458374
458402
458634
458657
458730
458757
458893
458904
458998
459000
459085
459158
459296
459298
459310
459362
459375
459430
459463
459546
459625
459660
459715
459760
459838
460035
460057
460162
460221
460261
460389
460464
460509
460561
460601
460741
460774
460821
461125
461219
461369
461499
461630
461689
461699
461731
461817
462107
462134
462213
462219
462314
462538
462555
462755
462792
462889
462973
463197
463240
463426
463464
463476
463599
463856
464253
464261
464391
464505
464573
464641
464724
464751
464808
465244
465288
465293
465352
465449
465516
465734
465745
465804
465808
466087
466089
466257
466285
466312
466405
466670
466679
466733
466798
466844
466909
467033
467052
467100
467102
467121
467323
467514
467626
467940
468065
468513
468554
468575
468600
468653
468863
468899
468920
469028
469157
469316
469364
469416
469455
469501
469582
469663
469670
470128
470344
470620
470658
470779
470855
471214
471349
471522
471614
471678
471708
471833
471971
472071
472111
472129
472184
472212
472434
472489
472798
472830
472866
473063
473169
473181
473454
473504
473732
473787
473849
473857
473889
473914
473936
474103
474174
474191
474290
474312
474448
474477
474543
474699
474725
474962
475140
475271
475308
475350
475379
475440
475820
475888
475966
476012
476072
476157
476170
476248
476293
476354
476404
476653
476851
476890
476973
477106
477250
477355
477438
477677
477779
477821
477871
477919
477997
478010
478046
478103
478104
478187
478316
478398
478404
478421
478561
478588
478622
478658
478678
478843
478883
478985
479193
479244
479366
479484
479532
479557
479574
479621
479644
479646
479923
480045
480075
480210
480450
480508
480948
480959
480983
481000
481033
481054
481090
481248
481336
481505
481574
481646
481691
481701
481755
481869
482496
482582
482668
482684
482704
482748
482812
482921
482922
482941
483038
483226
483381
483391
483471
483741
483764
483765
483784
483871
483993
484030
484178
484246
484259
484353
484384
484480
484499
484745
484957
484982
485011
485115
485181
485298
485605
485614
485626
485820
485827
485842
485993
486143
486147
486220
486267
486316
486771
486920
486964
486980
487045
487195
487315
487368
487488
487618
487636
487673
487749
487800
487818
487912
487965
488005
488053
488239
488312
488363
488589
488678
488696
488811
488819
488832
488863
488870
488912
489008
489061
489151
489253
489284
489361
489370
489503
489666
489918
490004
490058
490153
490288
490334
490397
490407
490446
490552
490655
490687
490783
490872
491138
491228
491510
491531
491615
491640
491684
491995
492313
492368
492370
492376
492436
492509
492664
492837
492844
493261
493278
493377
493527
493544
493549
493577
493701
493772
493782
493829
493882
494347
494355
494388
494502
494560
494590
494657
494758
494952
495058
495202
495420
495615
495620
495727
495823
495871
495947
495988
496004
496052
496178
496179
496248
496269
496496
496729
496764
496770
496817
496921
497014
497086
497141
497475
497630
497641
497677
497741
497884
497892
497920
497950
497956
498005
498136
498238
498317
498418
498447
498571
498622
498717
498845
498846
498992
499120
499125
499127
499259
499328
499442
499450
499588
499597
499673
499748
499863
500049
500056
500069
500166
500170
500294
500330
500395
500425
500477
500511
500807
501053
501108
501156
501198
501278
501288
501351
501374
501434
501460
501469
501517
501602
501615
501701
501821
502139
502179
502194
502352
502356
502476
502671
502701
502726
502813
502821
502938
502945
503088
503109
503332
503374
503375
503394
503449
503577
503598
503682
503739
503868
503902
503969
503974
504360
504370
504386
504521
504734
504846
505087
505095
505212
505223
505297
505305
505359
505409
505841
505853
505966
506282
506472
506671
506742
506873
507004
507094
507196
507197
507251
507281
507306
507420
507618
507622
507661
507742
507828
507876
507931
507943
507976
507981
508051
508168
508692
508740
509022
509119
509187
509396
509424
509689
509913
510167
510325
510421
510565
510674
510757
510898
511041
511043
511077
511081
511138
511149
511282
511508
511552
511559
511680
511820
511897
511963
512007
512013
512209
512219
512370
512449
512499
512545
512752
512763
512804
512893
513009
513019
513030
513087
513140
513266
513291
513365
513532
513556
513687
513718
513814
513818
513837
513880
513982
513995
514132
514197
514410
514466
514571
514604
514623
514737
515028
515098
515132
515138
515165
515177
515218
515257
515322
515401
515419
515865
515872
515935
516019
516081
516087
516136
516597
516609
516750
516920
516947
517114
517114
517171
517379
517398
517511
517592
517767
517798
517888
517916
517945
517957
518086
518251
518304
518364
518393
518500
518599
518892
518992
519221
519222
519299
519334
519502
519516
519545
519598
519614
519630
519776
519855
519898
519911
520000
520064
520091
520215
520237
520326
520379
520480
520806
520936
521096
521108
521118
521317
521380
521419
521477
521492
521731
521932
521951
521974
522046
522132
522157
522165
522229
522275
522376
522654
522694
523089
523205
523483
523561
523889
524087
524183
524203
524224
524263
524647
524740
524757
524782
524790
524823
524831
524940
525043
525488
525505
525668
525777
525857
525955
525984
526079
526211
526290
526352
526693
526819
526979
527172
527332
527353
527476
527532
527669
527735
527758
527790
527810
527883
527913
528167
528194
528231
528307
528536
528583
528608
528745
529071
529098
529112
529174
529361
529374
529403
529588
529701
529732
529915
529925
530009
530086
530162
530262
530315
530653
530824
530826
530842
530907
531010
531037
531080
531125
531128
531129
531154
531480
531494
531559
531595
531848
531919
532058
532085
532213
532216
532238
532320
532356
532360
532475
532796
532798
532867
533086
533274
533342
533430
533511
533589
533595
533816
534090
534097
534097
534122
534135
534237
534282
534384
534649
534715
534844
534923
534985
535005
535358
536055
536089
536115
536301
536339
536417
536462
536651
536718
536953
537037
537099
537177
537339
537368
537427
537550
537630
537731
537904
537973
538192
538310
538313
538403
538458
538517
538551
538607
538675
538695
538715
538750
538982
538992
539000
539291
539316
539474
539506
539620
539817
539874
539883
539947
539950
540159
540251
540268
540323
540391
540422
540584
540724
540745
540889
541310
541379
541702
541747
541748
541826
541860
542087
542108
542195
542329
542395
542496
542579
542649
542677
542724
542758
542950
543086
543146
543529
543529
543625
543630
543720
543859
543891
544078
544081
544149
544178
544556
544687
545033
545060
545299
545355
545376
545402
545481
545696
545769
545855
545875
545907
546088
546202
546225
546402
546417
546553
546700
546701
546794
546857
546896
546978
547153
547362
547605
547801
547851
547857
547859
547887
547911
547988
547997
548029
548299
548411
548418
548441
548598
548664
548717
548866
548986
549038
549145
549218
549274
549377
549385
549726
549793
549871
549929
550043
550113
550208
550500
550502
550570
550656
550730
550979
550997
551024
551091
551208
551301
551328
551444
551486
551500
551675
551821
552012
552283
552290
552293
552309
552723
552744
552820
552843
552844
552945
552951
552968
552970
553039
553165
553216
553244
553327
553490
553757
553758
553869
553995
554027
554056
554180
554219
554356
554362
554484
554511
554539
554601
554668
554670
554709
554711
555210
555567
555642
555697
555709
555874
555910
555913
556121
556259
556877
557158
557186
557276
557367
557390
557485
557495
557873
558098
558196
558268
558293
558303
558333
558359
558442
558662
558677
558948
559081
559182
559374
559535
559548
559745
559818
559873
559883
559884
560039
560207
560235
560435
560440
560461
560488
560531
560690
561011
561023
561112
561116
561132
561182
561306
561449
561495
561700
561995
562070
562112
562184
562212
562882
563088
563151
563329
563455
563502
563514
563689
563826
563995
564305
564405
564487
564574
564606
564786
564811
564915
565120
565173
565239
565390
565698
565814
565832
565864
566001
566110
566147
566147
566239
566256
566405
566653
566680
566869
567060
567128
567207
567376
567460
567467
567566
567569
567599
567617
567646
567657
567727
567834
567858
568054
568092
568384
568401
568526
568948
569027
569041
569095
569331
569422
569544
569612
569622
569760
569790
570007
570231
570264
570283
570327
570339
570649
570676
570799
570822
570912
570950
570964
571028
571170
571211
571269
571641
571711
571814
572387
572574
572730
572855
572879
573044
573266
573287
573343
573395
573419
573451
573570
573573
573596
573681
573750
573769
573938
574057
574177
574398
574537
574797
574821
574927
575170
575265
575280
575320
575365
575560
575823
575958
576023
576038
576204
576409
576926
577021
577137
577157
577210
577249
577271
577294
577313
577344
577503
577511
577517
577741
577856
577978
577982
578011
578210
578695
578760
578874
578958
579247
579252
579382
579434
579440
579492
579564
579634
579797
580204
580321
580343
580458
580546
580793
580923
580941
581027
581094
581432
581496
581561
581910
582047
582123
582219
582302
582311
582496
582584
582788
582940
583115
583158
583328
583362
583391
583397
583404
583567
583673
583858
583889
583910
583926
584175
584192
584247
584556
584579
584684
584687
584700
584915
585002
585105
585136
585223
585385
585532
585561
585590
585715
585751
585815
585927
585982
586035
586072
586173
586318
586429
586454
586499
586600
586690
586864
586871
586908
586988
586994
587259
587264
587403
587414
587420
587635
587710
587749
587757
587800
587883
588388
588627
588708
588754
589023
589327
589487
589606
589962
590107
590230
590264
590340
590355
590480
590691
590709
590828
591256
591318
591357
591661
591702
591790
591850
591912
591932
592014
592035
592182
592304
592334
592541
592567
592682
592839
592867
592950
593026
593034
593068
593236
593398
593744
593824
593858
593916
593973
593993
594085
594328
594664
594744
594896
594899
595021
595232
595282
595309
595333
595403
595414
595608
595630
595645
595669
595680
595714
595717
595755
595923
595965
596047
596124
596125
596301
596631
596670
596729
596780
597119
597135
597174
597892
598071
598092
598113
598281
598315
598315
598347
598430
598598
598681
598730
598810
598850
598906
598930
599020
599175
599225
599247
599732
599764
599900
599965
599997
600063
600086
600122
600309
600401
600805
601154
601322
601393
601430
601473
601500
601506
601648
601903
601959
602037
602057
602079
602113
602161
602212
602329
602367
602396
602437
602520
602529
602539
602561
602811
602982
603050
603099
603128
603183
603285
603377
603393
603414
603581
603864
603889
603923
604074
604678
604736
604757
604765
604791
605091
605164
605199
605265
605315
605467
605499
605638
605790
605864
606042
606071
606107
606108
606689
606864
606921
606923
606935
607125
607183
607231
607266
607324
607734
607824
608036
608117
608125
608141
608246
608286
608338
608360
608800
608834
608854
608885
608922
609234
609275
609307
609489
609615
609655
609826
609863
609880
609902
610155
610169
610188
610223
610276
610326
610344
610403
610496
610681
610744
610971
611066
611131
611156
611230
611252
611342
611365
611433
611603
611681
611719
611744
611981
612222
612242
612292
612302
612304
612342
612402
612515
612649
612724
613026
613331
613381
613394
613470
613471
613543
613612
613667
614100
614349
614442
614457
614555
614836
615058
615146
615180
615396
615865
615893
615956
616157
616232
616288
616290
616318
616332
616580
616596
616762
616903
617108
617149
617222
617290
617318
617392
617540
617760
617872
617984
618088
618162
618464
618499
618553
618593
618656
618770
618779
618807
618902
619035
619060
619104
619138
619400
619515
619577
619602
619675
619702
619776
620180
620360
620647
620662
620686
620690
620725
620839
620842
620988
621021
621222
621247
621485
621546
621554
621570
621574
621683
621746
621774
621788
621886
621957
622111
622284
622348
622377
622438
622477
622540
622757
622800
622809
622830
622887
622957
623072
623081
623082
623114
623186
623243
623478
623641
623708
623713
623848
624085
624291
624330
624387
624503
624865
625033
625110
625118
625154
625175
625276
625503
625621
625747
625859
626025
626088
626187
626250
626286
626567
626613
626681
626865
626901
626922
626953
626961
627028
627036
627193
627195
627249
627303
627420
627543
627731
627768
627929
627949
628129
628263
628340
628354
628377
628486
628552
628635
628702
628712
628960
629137
629163
629176
629202
629294
629413
629523
629546
629562
629714
629738
629750
629863
629882
629979
630007
630021
630620
630688
630847
630978
631033
631108
631115
631476
631502
631648
631782
631940
632024
632094
632174
632304
632437
632555
632614
632642
632900
632901
632903
632948
633098
633338
633353
633392
633672
633915
633931
634054
634123
634243
634281
634286
634368
634391
634534
634736
634742
634752
634888
634993
635008
635141
635168
635264
635273
635383
635643
635658
635741
635775
635902
636116
636198
636348
636424
636818
636819
636983
637038
637049
637224
637285
637300
637333
637358
637374
637418
637424
637516
637610
637652
638194
638473
638593
638695
638697
638748
638789
638852
638887
639025
639142
639158
639236
639314
639321
639527
639794
639884
639891
639977
640105
640221
640238
640264
640295
640363
640400
640424
640655
640805
640837
640864
641033
641041
641077
641229
641329
641504
641614
641672
641830
641841
642041
642174
642205
642326
642375
642527
642559
642610
642818
642870
642954
643107
643217
643247
643294
643533
643556
643601
643653
643748
643884
643942
643992
644018
644144
644270
644275
644416
644645
644682
644824
644863
645006
645085
645155
645316
645590
645638
645694
646022
646058
646085
646098
646217
646245
646283
646433
646506
646779
646835
646937
647128
647138
647218
647307
647318
647324
647742
647913
647982
648097
648157
648199
648207
648333
648366
648489
648728
648898
648915
649003
649139
649322
649534
649537
649762
649816
649844
649866
649898
649984
650051
650059
650152
650209
650450
650467
650576
650601
650622
650709
650731
650901
651113
651267
651365
651404
651446
651466
651827
651827
651955
652571
652593
652710
652986
653029
653043
653062
653372
653396
653472
653482
653628
653668
653770
653923
653980
654143
654224
654532
654555
654571
654655
654874
654994
655023
655028
655060
655150
655158
655567
655669
655672
655690
655824
655853
655855
655923
655956
655983
656165
656466
656542
656552
656734
656818
656888
656951
657031
657121
657157
657323
657340
657397
657444
657482
657537
657559
657652
657785
657933
658357
658452
658748
658860
658954
658967
658975
659054
659089
659093
659390
659523
659627
659746
659773
659882
659942
660007
660178
660191
660354
660430
660501
660530
660745
660797
660800
660848
660885
660923
660991
661084
661218
661315
661325
661326
661350
661741
661747
661954
662129
662242
662559
662661
662709
662842
663296
663400
663454
663597
663645
663652
663683
663715
663976
664120
664273
664305
664405
664440
664441
664578
664593
664749
664919
665121
665181
665285
665303
665400
665599
665808
665919
665991
666035
666076
666116
666341
666432
666536
666681
667008
667263
667372
667411
667604
667810
667883
667948
667994
668129
668343
668538
668640
668734
668768
668825
669093
669127
669139
669200
669215
669217
669337
669345
669403
669555
669578
669624
669808
669833
669890
669925
669955
670192
670242
670390
670556
670702
670974
670997
671007
671191
671321
671324
671574
671656
671768
671816
671962
671966
672066
672110
672117
672185
672293
672399
672531
672581
672810
672856
672888
673019
673100
673142
673193
673417
673462
673617
673657
673659
673705
673728
673977
674138
674403
674443
674636
674771
674842
674944
675073
675103
675142
675166
675207
675403
675439
675442
675496
675563
675602
675822
675875
675888
675907
676055
676085
676303
676551
676590
676952
677357
677367
677440
677614
677655
677795
677814
677888
677947
678121
678241
678295
678518
678614
678617
678669
678791
679122
679307
679447
679548
679554
679570
679623
679675
679678
679751
679818
679889
680104
680144
680332
680466
680537
680659
680696
680827
681002
681036
681039
681075
681077
681135
681314
681442
681458
681535
681550
681587
681596
681609
681740
681794
681825
681972
682445
682479
682646
682782
682939
683001
683146
683279
683390
683470
683985
683985
684234
684315
684349
684408
684549
684562
684579
684594
684827
685065
685109
685143
685164
685168
685197
685330
685508
685528
685667
685668
685827
685862
685870
686049
686055
686076
686079
686126
686302
686370
686419
686425
686622
686666
686729
686748
686843
686916
686982
687060
687093
687169
687219
687313
687414
687417
687689
687844
687925
687996
688037
688072
688140
688162
688322
688434
688594
688611
688634
688697
688812
688830
688928
689088
689126
689170
689201
689321
689537
689621
689716
689776
689925
690182
690363
690368
690494
690545
690669
690691
690698
690940
691037
691232
691253
691325
691479
691492
691640
691879
691916
691927
691930
692054
692123
692135
692197
692221
692238
692290
692303
692344
692712
692733
692756
692800
692844
692856
692874
692893
693003
693021
693039
693126
693296
693305
693365
693400
693567
693627
693722
693740
693756
693756
693950
693959
693974
694057
694139
694149
694286
694397
694431
694450
694462
694519
694652
694655
694854
694899
694947
695022
695187
695608
695704
695874
695882
696024
696092
696126
696194
696202
696392
696417
696586
696632
696738
696788
697049
697085
697111
697128
697198
697222
697234
697298
697331
697378
697427
697575
697836
697847
697853
698359
698636
698686
698761
698789
698798
698802
698828
698845
698853
698938
699091
699093
699256
699583
699727
699768
699770
699793
699908
700165
700263
700331
700406
700416
700491
700499
700526
700680
700689
700842
700872
700888
700907
701050
701145
701263
701441
701548
701566
701831
702034
702203
702263
702285
702435
702513
702597
702792
702914
702982
703204
703205
703309
703380
703475
703640
703685
703711
703919
704003
704268
704367
704535
704578
704665
704768
704775
704801
704859
704871
704912
704977
705245
705310
705342
705399
705690
705743
706107
706167
706301
706440
706514
706528
706530
706710
706782
706839
706922
706980
707090
707137
707185
707510
707518
707539
707604
707869
707900
707913
707940
708121
708123
708164
708274
708426
708662
708795
708972
709028
709064
709172
709427
709522
709553
709578
709578
709645
709688
709696
709742
709876
709969
709995
710346
710470
710473
710475
710595
710643
710786
710930
710972
711036
711215
711266
711320
711329
711422
711831
712183
712195
712300
712301
712535
712824
713181
713285
713650
713680
713764
713848
713893
713945
713993
714165
714172
714303
714312
714441
714731
714788
714948
715024
715059
715222
715356
715427
715598
715651
715733
715787
715877
715882
715924
716176
716296
716370
716563
716634
716811
717076
717110
717120
717171
717245
717360
717438
717585
717679
717689
717851
717961
718011
718035
718048
718383
718389
718563
718762
718847
718862
719209
719247
719259
719288
719359
719390
719498
719535
719622
719647
719648
719735
719816
719868
719884
720133
720144
720428
720499
720514
720666
720894
720926
721125
721295
721324
721384
721397
721446
721548
721608
721660
721751
721832
722122
722238
722285
722297
722372
722377
722608
722622
722797
722865
722878
722963
723350
723393
723582
723606
723669
723813
723849
723852
723923
724008
724029
724059
724149
724189
724503
724511
724567
724630
724813
724860
724906
725080
725433
725621
725707
725857
726301
726324
726350
726530
726610
726621
726779
726979
727089
727132
727291
727300
727410
727433
727435
727849
728037
728041
728218
728409
728466
728591
728623
728714
728850
728889
728914
728993
729009
729066
729101
729148
729188
729340
729453
729454
729665
729792
729879
729965
730003
730014
730317
730334
730423
730442
730604
730723
730783
730859
730904
731035
731199
731257
731264
731295
731334
731587
731656
731672
731746
731848
731929
731965
731968
731991
732019
732182
732224
732476
732522
732610
732672
732672
732978
733295
733369
733399
733414
733529
733654
733883
733920
733948
734009
734049
734062
734137
734166
734271
734333
734380
734386
734623
734623
734826
735070
735262
735371
735379
735751
736011
736051
736148
736507
736524
736535
736592
736623
736667
736814
736872
736951
737024
737125
737258
737390
737422
737428
737700
737707
737731
737776
737803
738022
738054
738438
738443
738523
738713
738922
739021
739086
739123
739523
739605
739657
739921
739929
739980
740010
740278
740413
740513
740633
740651
740798
740810
741118
741220
741259
741295
741333
741348
741362
741527
741530
741541
741657
741679
741691
741880
741889
741961
741972
742082
742138
742150
742236
742361
742390
742550
742709
742732
742794
742956
742961
743070
743076
743078
743108
743198
743219
743230
743269
743274
743301
743456
743520
743546
743558
743712
743726
743813
744004
744182
744295
744303
744582
744616
744727
744983
745089
745114
745136
745198
745230
745582
745701
745830
745873
745915
746063
746117
746225
746458
746522
746647
746674
746820
746861
746956
747036
747061
747132
747191
747197
747200
747207
747419
747704
747969
748038
748123
748141
748204
748257
748366
748434
748617
748763
748764
748837
748854
748910
748956
748964
749062
749117
749208
749253
749311
749312
749582
749676
749816
749846
749951
750128
750136
750269
750372
750427
750478
750489
750544
750621
750675
750689
750709
750906
750981
751027
751075
751152
751153
751236
751344
751502
751563
751691
751847
751853
751994
752335
752393
752426
752449
752565
752607
752620
752708
752713
752789
752902
752936
753132
753272
753282
753301
753388
753547
753563
753664
753786
753981
753998
754050
754132
754191
754255
754264
754329
754342
754372
754422
754569
754726
754731
754983
755258
755278
755306
755348
755349
755489
755493
755570
755581
755627
755643
755646
755755
755761
755897
755910
755926
755948
755964
755971
755979
756008
756098
756133
756147
756205
756298
756352
756366
756429
756649
756673
756678
756727
756800
756928
756973
757261
757306
757361
757406
757697
757780
757855
757920
757944
758253
758375
758529
758541
758547
758572
758590
758669
758701
758715
758745
758946
759064
759071
759225
759364
759784
759965
760053
760158
760400
760517
760603
760700
760883
760952
761211
761230
761286
761365
761672
761728
761771
761900
761983
761994
762077
762284
762302
762584
762623
762801
762804
763055
763059
763076
763117
763310
763447
763557
763595
763651
763662
763775
763789
763798
764173
764186
764209
764281
764317
764402
764409
764511
764664
764718
764906
765023
765058
765208
765261
765335
765422
765501
765564
765612
765617
765781
766081
766091
766126
766257
766267
766295
766401
766411
766461
766560
766638
766815
766849
766944
766991
767026
767281
767333
767360
767383
767470
767522
767652
767683
767714
767971
768019
768063
768239
768324
768692
768748
768755
768902
768902
768922
769035
769161
769251
769282
769283
769297
769321
769438
769449
769548
769786
769997
769998
770049
770084
770165
770295
770337
770347
770530
770554
770837
770841
771059
771061
771279
771508
771561
771679
771776
771899
771945
772371
772534
772579
772664
772740
772780
772924
773008
773045
773047
773065
773087
773382
773483
773514
773832
773939
773968
773976
774070
774253
774341
774513
774553
774578
774757
774821
774875
774957
775005
775010
775078
775173
775176
775316
775351
775373
775485
775602
775614
775665
775974
776202
776433
776751
776797
776860
776949
776959
777006
777038
777312
777327
777366
777435
777526
777578
777706
777759
777885
778046
778049
778098
778102
778184
778449
778540
778551
778722
778781
778941
778947
778957
778992
779062
779063
779126
779152
779201
779373
779390
779443
779641
780109
780239
780371
780571
780670
780738
780759
780845
780858
781021
781125
781281
781595
781633
781697
781723
781867
781902
781971
781985
782137
782274
782335
782482
782615
782630
782669
782799
782813
782891
782912
783027
783050
783059
783081
783098
783102
783195
783245
783362
783493
783568
783658
783687
783706
783764
783771
784135
784138
784149
784284
784469
784483
784524
784548
784676
784707
784997
785246
785369
785376
785446
785450
785548
785555
785593
785684
785756
785763
785806
786137
786400
786413
786489
786528
786612
786666
786699
786751
786763
787110
787119
787248
787269
787362
787512
787582
787648
787960
788013
788120
788400
788406
788488
788535
788536
788588
788788
789005
789171
789238
789305
789335
789398
789510
789526
789531
789755
789987
790011
790016
790166
790271
790378
790462
790499
790543
790546
790727
790738
790818
791025
791040
791122
791170
791347
791656
791685
791730
791761
791843
791990
792072
792162
792229
792352
792410
792427
792441
792646
792917
792962
792981
793270
793660
793986
794243
794401
794511
794590
794692
794718
794791
794802
794826
794863
794906
794930
794940
795155
795229
795518
795543
795571
795633
795661
795722
795749
795944
795961
796031
796037
796292
796328
796363
796388
796389
796446
796544
796597
796628
796810
797100
797199
797201
797243
797256
797435
797512
797517
797937
798071
798144
798150
798376
798585
798609
798969
799217
799282
799429
799566
799568
799724
799783
799938
800113
800133
800156
800266
800413
800535
800727
800766
800793
801079
801139
801185
801737
801797
801946
801957
802086
802243
802396
802406
802543
802769
802796
802915
802952
802963
803011
803282
803320
803341
803399
803446
803536
803540
803559
803572
803676
803716
803772
803832
803916
804052
804099
804122
804195
804208
804342
804356
804557
805025
805035
805035
805049
805072
805323
805346
805400
805446
805776
805786
805881
806093
806241
806380
806418
806432
806657
806664
806787
807139
807147
807202
807261
807402
807587
807670
807691
808146
808214
808273
808389
808445
808457
808474
808510
808564
808655
808927
809071
809077
809301
809455
809532
809590
809911
809952
810020
810137
810171
810324
810435
810496
810563
810604
810617
810952
810963
811028
811092
811210
811228
811251
811353
811363
811647
811690
811691
811692
811840
811898
812027
812243
812340
812673
812757
812782
812842
812888
813000
813186
813211
813339
813369
813517
813765
813795
813908
813943
813956
814310
814460
814642
814700
814709
814717
814808
814810
815338
815381
815503
815527
815664
815878
816008
816142
816165
816208
816311
816506
816708
816731
816819
817250
817606
818167
818269
818442
818554
818829
818855
818860
818898
819225
819268
819349
819375
819393
819815
819864
819912
820083
820331
820426
820514
820571
820630
820760
820785
820892
821202
821291
821302
821323
821379
821525
821549
821600
821608
821667
821802
821878
822003
822005
822013
822118
822391
822403
822459
822615
822766
822803
823181
823242
823502
823607
823677
824078
824194
824283
824430
824526
824570
824681
824777
824787
824841
824967
824980
824992
825132
825213
825228
825254
825271
825296
825324
825356
825365
825498
825637
825778
825801
825813
825887
826113
826176
826527
826552
826700
826776
826804
826949
826969
826971
827060
827069
827100
827236
827322
827556
827759
827801
827820
827877
827881
828110
828120
828126
828133
828194
828212
828362
828515
828566
828571
828575
828631
828721
828764
828820
828876
828915
828944
829071
829259
829286
829597
829659
829724
829777
829830
830119
830145
830290
830410
830500
830503
830608
830692
830837
830855
831321
831429
831516
831517
831521
831726
831740
831778
831801
831869
831896
831910
832071
832110
832208
832306
832370
832411
832425
832427
832461
832467
832790
832923
833054
833087
833138
833239
833445
833447
833513
833592
833890
834067
834218
834248
834357
834465
834545
834580
834583
834716
834876
835097
835152
835411
835411
835618
835717
835790
835884
836138
836140
836159
836301
836484
836710
836783
836958
836991
837354
837532
837679
837715
837804
837968
838107
838146
838177
838238
838244
838359
838479
838797
838840
838950
839086
839098
839262
839293
839359
839524
839529
839684
839749
839947
839956
839970
839976
840036
840352
840494
840514
840607
840636
840734
840839
840858
840970
841059
841091
841145
841298
841542
841664
841716
841822
841854
841922
842047
842078
842170
842242
842361
842414
842433
842523
842673
842876
842917
842991
842998
843020
843183
843287
843366
843453
843649
843955
843982
844092
844173
844281
844392
844434
844459
844494
844526
844567
845106
845144
845441
845488
845589
845842
845989
846062
846063
846185
846188
846315
846366
846720
846935
846985
847018
847114
847115
847134
847155
847168
847315
847319
847356
847758
847862
847920
848131
848168
848222
848242
848273
848288
848312
848448
848450
848569
848818
849005
849022
849171
849193
849517
849625
849716
849801
849810
849865
849929
849994
850114
850324
850589
850713
850835
851082
851146
851170
851241
851378
851478
851539
851758
851916
852509
852545
852699
852724
852769
852775
852925
853182
853276
853327
853412
853453
853471
853586
853697
853720
853915
853991
853995
854114
854285
854295
854330
854365
854507
854562
854664
854668
854785
854808
854848
855043
855057
855069
855093
855096
855215
855220
855327
855600
855613
855674
855815
855982
856039
856188
856216
856241
856391
856583
856642
856886
856920
857207
857269
857278
857300
857362
857364
857604
857619
857745
857769
857783
858100
858472
858501
858615
858695
858735
858793
858883
859038
859685
859906
860054
860054
860097
860149
860154
860213
860397
860610
860621
860819
860851
860982
860996
861064
861134
861211
861224
861305
861319
861746
861767
861789
861853
861967
862104
862362
862591
862628
862643
862645
862696
862868
863072
863270
863475
863592
863667
863825
863944
863994
864080
864097
864203
864301
864627
864677
864701
865087
865131
865164
865172
865379
865399
865489
865715
865885
865974
866201
866411
866494
866568
866646
866698
866811
866898
866941
867067
867109
867126
867241
867571
867615
867616
867625
867960
867994
868306
868398
868611
868670
868686
868725
868783
868953
869027
869084
869248
869311
869328
869375
869445
869726
869833
870020
870064
870198
870252
870278
870371
870549
870801
870833
871172
871320
871876
871909
871913
871939
871943
871967
872021
872177
872567
872664
872670
872725
872873
872887
872925
873034
873080
873154
873171
873314
873384
873396
873402
873467
873478
873524
873533
873624
873658
873675
873684
873978
874079
874201
874204
874379
874607
874693
874794
874807
874960
875072
875107
875259
875301
875338
875915
875938
876264
876338
876473
876547
876695
876792
877061
877149
877214
877276
877378
877405
877664
877699
877742
877855
877875
877895
877895
877989
878071
878176
878326
878566
878572
878788
878791
878950
879031
879041
879124
879138
879187
879205
879396
879452
879533
879663
879697
879854
879943
880065
880092
880208
880499
880566
880571
880654
880700
880908
880909
880985
881033
881138
881167
881300
881354
881688
881724
881938
882003
882161
882310
882318
882856
882906
882977
883042
883303
883524
883651
883708
883744
883747
883879
883955
884065
884101
884183
884347
884421
884499
884545
884756
884929
885009
885012
885020
885052
885226
885523
885642
885664
885700
886125
886158
886202
886250
886344
886448
886567
886619
886687
886777
886830
886978
886996
887130
887218
887290
887291
887360
887412
887637
887798
887818
887983
888037
888081
888092
888123
888125
888497
888932
889407
889437
889734
889762
889807
890609
890689
890789
890827
890864
890866
890902
890911
890976
891049
891077
891274
891521
891654
891751
891766
891839
891913
891919
892131
892154
892195
892333
892346
892439
892486
892616
892792
892883
892896
892964
893000
893137
893470
893636
893713
893752
893780
893952
894014
894060
894321
894442
894454
894479
894597
894609
894772
894990
895038
895067
895163
895229
895312
895417
895439
895663
895699
896080
896148
896210
896441
896454
896501
896596
896905
897128
897160
897638
897729
897787
897874
898094
898100
898206
898214
898304
898471
898499
898580
898613
898702
898717
898783
898946
898989
899030
899147
899325
899379
899381
899415
899463
899472
899485
899731
899844
899916
899939
899948
900216
900267
900273
900323
900390
900452
900589
900718
901072
901186
901221
901256
901488
901506
901508
901574
902027
902121
902164
902174
902427
902429
902457
902712
903013
903291
903348
903381
903497
903567
903700
903751
903911
904095
904338
904340
904402
904630
904655
904657
904722
904756
904843
905017
905140
905180
905223
905643
905848
905982
906146
906158
906196
906389
906400
906657
906688
906972
907322
907333
907361
907382
907497
907688
907756
907836
907908
908062
908069
908104
908110
908196
908201
908361
908555
908626
908648
908770
908959
909085
909231
909249
909260
909335
909746
909868
909882
909933
909952
909954
910377
910425
910479
910646
910692
910852
910988
911004
911119
911212
911347
911347
911394
911409
911480
911576
911667
911711
911748
911765
911829
911902
911991
912027
912196
912425
912431
912518
912575
912598
912749
912751
912845
912848
912980
913001
913016
913193
913256
913433
913440
913470
913475
913590
913845
913901
913990
914247
914279
914279
914307
914371
914468
914529
914622
914850
914956
914962
915048
915062
915076
915129
915222
915437
915455
915544
915550
915749
915813
915848
916216
916616
916905
916965
917000
917096
917250
917259
917324
917338
917431
917490
917546
917583
917610
917617
917617
917669
917811
917821
917927
918122
918134
918160
918248
918322
918371
918422
918554
918567
918870
918980
918987
919031
919444
919453
919522
919557
919571
919606
919624
919666
919882
919900
920044
920240
920251
920336
920366
920402
920719
920828
920902
921100
921203
921252
921346
921415
921530
921921
922036
922057
922062
922081
922150
922222
922336
922502
922597
922798
922826
923414
923478
923754
923905
923908
924028
924117
924146
924182
924254
924295
924386
924457
924506
924617
924624
924770
925028
925276
925327
925336
925369
925523
925639
926002
926030
926057
926147
926218
926353
926382
926685
926697
926742
926780
926827
926838
926850
926953
927120
927132
927324
927400
927579
927677
927682
927734
927870
927874
928026
928049
928116
928153
928193
928283
928523
928526
928528
928751
928820
928972
929024
929182
929230
929322
929415
929543
929661
929703
929830
929856
929909
929955
930015
930146
930205
930234
930287
930494
930598
930640
930643
930686
930914
930977
931178
931191
931383
931425
931439
932047
932100
932269
932289
932443
932564
932728
932991
933006
933105
933140
933182
933193
933214
933380
933428
933487
933685
933686
933912
934117
934224
934306
934404
934409
934455
934717
934768
934865
934874
934953
935056
935341
935380
935431
935525
935647
935757
935870
935957
936011
936095
936101
936219
936251
936310
936575
936611
936634
936699
936826
937212
937343
937383
937409
937485
937552
937734
937755
937816
937863
937872
938100
938232
938276
938350
938409
938504
938575
938652
938665
938744
938773
939164
939175
939220
939401
939428
939908
939932
939935
940078
940164
940236
940305
940383
940496
940500
940604
940628
940744
940762
940916
941198
941397
941434
941476
941490
941679
941814
941864
941957
942103
942300
942347
942408
942461
942597
942637
942908
942994
943023
943255
943351
943355
943624
943807
943814
943926
944004
944069
944379
944415
944425
944630
944723
945016
945163
945171
945458
945531
945726
945807
945847
945999
946013
946020
946060
946314
946369
946412
946512
946787
946812
946923
946939
946961
947051
947085
947147
947172
947217
947408
947539
947600
948046
948086
948099
948122
948136
948242
948345
948364
948398
948772
949011
949184
949252
949264
949281
949556
949698
949699
949858
949935
949968
950003
950031
950056
950067
950444
950558
950689
951418
951435
951635
951762
951803
951982
952037
952165
952220
952239
952371
952591
952640
952909
952936
953046
953078
953123
953360
953420
953432
953561
953770
953814
953875
954067
954067
954079
954178
954441
954486
954531
954564
954627
954642
954709
954998
955068
955151
955159
955163
955164
955261
955315
955420
955641
955872
956026
956058
956322
956354
956555
956623
956802
956945
956968
957251
957390
957441
957459
957679
957812
957815
957902
958092
958200
958356
958566
958623
958746
958809
958887
958961
959064
959078
959115
959146
959211
959299
959331
959360
959391
959617
959626
959653
959719
959776
959955
960153
960276
960534
960587
960587
960598
960645
960670
960774
960879
961160
961171
961210
961329
961716
961889
961942
961967
961986
961992
962058
962079
962262
962346
962413
962480
962615
962765
962937
962953
963083
963128
963152
963280
963811
964127
964197
964287
964501
964536
964620
964632
964666
964694
964905
965062
965147
965164
965250
965261
965550
965559
965641
965642
965771
966166
966172
966172
966277
966335
966527
966582
966607
966622
966693
966908
966957
967122
967170
967372
967381
967482
967562
967566
967583
967675
967760
967775
967939
967941
968101
968119
968157
968203
968398
968438
968765
968930
969098
969181
969192
969233
969318
969343
969818
969871
969991
970052
970352
970355
970377
970572
970595
970663
970854
970891
970986
971166
971222
971253
971258
971260
971279
971336
971436
971567
971602
971906
972028
972063
972084
972294
972568
972596
972673
972707
972869
973056
973116
973200
973203
973236
973247
973394
973518
973524
973583
973673
973901
974773
974897
975024
975097
975174
975244
975431
975588
975640
975704
975722
975815
975829
975841
975854
975858
975954
976125
976169
976359
976423
976553
976561
976734
976791
976811
976875
977021
977395
977561
977703
977758
977769
977942
977993
978043
978184
978225
978281
978314
978339
978418
978479
978529
978627
978735
978774
978782
979331
979358
979471
979508
979882
979915
980304
980482
980636
980685
980783
980923
981086
981177
981377
981416
981530
981542
981607
981743
981808
981890
981963
982084
982133
982576
982587
982590
982663
982670
983026
983123
983144
983250
983376
983548
983757
983763
983809
983831
984146
984187
984230
984459
984483
984498
984519
984824
984843
985018
985022
985285
985459
985510
985709
985725
985740
985980
986002
986159
986184
986432
986444
986489
986490
986558
986569
986629
986745
986769
986859
986873
986892
987024
987075
987210
987254
987367
987500
987627
987750
987821
987881
987960
987970
988062
988092
988093
988111
988304
988309
988365
988870
988942
988961
988987
989000
989130
989222
989237
989262
989275
989305
989328
989654
989698
989781
989848
989900
989925
989930
990196
990365
990425
990546
990749
990833
990861
990960
991012
991214
991228
991435
991494
991523
991548
991600
991667
991749
991885
992050
992131
992167
992227
992246
992378
992661
992669
992745
992777
992815
992950
993096
993112
993139
993244
993245
993264
993376
993465
993501
993533
993546
993554
993577
993611
993810
994029
994351
994406
994435
994599
994789
994799
995043
995096
995345
995396
995429
995462
995497
995523
995641
995652
995669
995682
995818
995916
995926
996067
996251
996416
996434
996713
996822
997034
997159
997370
997561
997661
997879
997978
998072
998094
998160
998167
998386
998517
998590
998606
998669
998998
999020
999166
999348
999451
999489
999548
999583
999624
999630
999692
999727
999874
999916
