242828
789819
674470
570508
224423
88057
685315
433141
306603
499754
524165
108999
15515
139013
825254
380188
670218
841800
458554
722947
660516
703516
203671
445612
22050
269700
397590
259579
343831
149879
734906
761810
289383
338456
640699
394081
815544
355862
988556
553821
484607
255922
699748
694735
178868
860107
293896
393887
172420
649287
956615
249303
938439
279432
893637
170534
469395
288880
316418
307672
30467
758836
834621
109421
798871
214207
103867
565607
304570
856217
322164
365138
577451
441962
654256
349944
775613
113382
347391
311446
856962
545252
348291
385784
376487
414187
931953
248654
853580
743568
876717
488809
836576
35270
630430
616742
282529
665054
889747
700849
732042
699706
342374
493201
594548
64704
209528
829065
777681
522071
661697
79516
878347
5496
630152
861312
107587
497688
250315
129773
677637
76900
39039
355852
226217
747600
793200
438724
525511
215434
149744
778397
554158
329184
7569
926227
768146
854019
356101
497388
866716
692364
997210
517065
589299
694413
486748
252714
93800
388863
870584
421952
649772
844557
726211
827904
990182
279690
29664
692678
688974
163243
71728
253619
504313
394875
101234
879969
292921
157926
611747
561521
370744
217092
129071
677657
294233
617643
666598
525002
532678
274200
290987
879990
284772
640517
657705
450815
60308
942870
31207
214413
996559
275862
710802
801605
268160
382102
437676
279395
99682
16132
348287
149912
612070
279075
781403
585225
302072
675068
87808
676237
798769
912887
640803
743633
155117
889294
305960
942146
703314
575047
924014
27507
497069
382398
599118
7696
604187
183062
248199
580733
814445
272658
598641
777830
142577
739939
266407
968792
966342
760665
781357
703250
554039
753728
432321
778359
76334
147695
70350
386880
720727
188154
740136
513235
865469
516362
371960
420440
792012
369839
405254
220734
285561
212710
439109
927533
762626
145026
939829
560260
509238
65034
447755
177687
298301
822664
186324
200525
255482
454293
252793
490789
566772
431918
64886
908667
910466
385407
715493
166225
893436
66503
275631
131094
981436
53694
321748
243091
892894
621784
452363
687283
330445
839392
274498
795699
329470
16474
410848
502781
888647
176377
115894
151910
614856
312772
420071
752614
12785
480146
870272
582815
10158
580612
64429
943127
912138
643269
82161
261226
172251
110738
484404
533468
932182
197367
42245
759863
226657
743254
620001
747026
441565
910293
917855
237327
169634
901144
51514
996700
248203
737142
399584
360269
791353
916392
562638
459695
749204
307339
484240
94201
534353
711026
935116
236368
937450
539647
611314
758860
716145
585221
726098
14199
584373
855137
840737
753871
926197
726074
888189
331450
244790
78487
344902
482704
602857
897862
818504
83501
507783
501503
559428
401315
976186
514217
707138
417110
281569
911142
557310
584244
967923
903730
610777
543484
766347
193248
330697
636460
987245
728411
295097
787715
539699
979319
990879
994354
966790
519204
192185
572885
413855
942477
861190
926764
442535
706806
601557
495748
545889
937004
565663
900960
266930
658130
34355
747184
334784
505463
244606
542231
607082
925482
562603
15765
842705
661077
791983
661150
791885
921401
37593
32697
94373
563107
252601
427108
244341
473243
617694
533113
66454
750532
156042
70435
290643
332739
897226
939839
706781
355794
180196
821869
648125
554570
398081
126475
588621
533806
871803
332650
457024
238196
549839
443571
556644
287581
404919
915653
157248
863456
185535
482861
803314
344875
41855
306385
653195
883573
301565
401182
472933
309830
241818
514487
868595
507733
910613
305299
443252
550312
368754
615889
694707
926439
787349
708032
463388
738234
771418
465258
55608
705547
126357
668934
19596
320807
639664
845941
840230
856845
390732
275258
180003
500610
375269
112237
254729
784514
429690
995949
382397
575249
950038
639835
661426
354049
374017
875567
453546
581457
433047
809405
81242
92254
445480
757126
225054
112567
43736
37187
390735
749174
59127
284190
912183
551611
658715
586951
751588
296442
315349
177861
419770
420801
39813
855234
900990
783837
239634
65498
677689
630536
368167
408942
529425
177772
54155
703117
897973
936210
821303
990998
921257
213931
766572
157186
99561
321443
579701
564519
659101
980416
610615
665396
169155
959312
403732
614206
698439
276237
675135
146731
180079
129950
276000
137315
402339
881361
83195
221612
924535
145642
765956
873690
452811
744618
6687
275006
63493
887959
262351
86068
487581
211225
714964
28316
965578
667345
568013
874494
424638
280614
666521
174260
789861
226600
545128
891366
770618
187982
461401
611681
845529
689517
948026
465882
109930
772404
249039
870490
702510
667345
613750
222365
41794
245873
265978
200704
357982
181758
73279
970783
689743
990790
476670
640220
907561
106586
805676
452930
94325
128686
168230
471905
288501
168017
726754
879779
890417
539651
811577
584123
597709
769776
264368
703188
470937
92890
168391
183875
668754
261914
510454
597160
125110
634344
477703
559604
543650
430414
102890
538541
286645
187560
709415
425160
415173
851576
751180
813538
440221
462294
923510
446040
817166
774562
625675
401303
781055
870579
277924
908352
409606
964235
637176
540780
793735
275469
679702
323306
341216
179577
944728
745104
551390
455052
747569
524877
933432
789559
560628
19592
619006
351622
427776
481173
969142
239364
640302
779886
331901
168978
660726
24470
178246
316459
81227
569319
94796
111543
392420
567577
643248
832030
456681
804736
131973
578817
598732
991138
127000
637110
739249
578466
582688
739346
148761
14726
965737
720758
376784
313255
923002
285449
193857
427343
962498
797516
745846
336710
724771
318067
2559
890494
469048
618636
36557
592764
246899
726156
552018
659962
741559
848129
548243
916549
899138
130552
112220
177032
305926
706432
457949
625669
23774
870504
48619
240458
375921
199101
999736
373699
916923
882416
923736
817999
41230
579275
519258
997531
299833
644300
350614
984549
297953
395086
331491
259562
896305
618255
983246
961166
530540
917302
460601
640432
527551
317806
425274
213352
832100
371517
585299
748234
826455
909147
302730
432303
177659
661033
248704
46683
397161
657729
396623
590185
481527
580209
665713
513541
731383
33638
573161
641420
568950
672151
248564
999988
27728
880889
151110
791339
603891
454637
603666
484728
181557
328308
105143
875016
731954
952035
609019
362964
236616
283906
896418
1792
829992
913768
336330
550484
952172
451456
983277
401757
591676
201554
447851
134795
361968
454766
941531
367940
812096
837710
862251
171734
821149
732503
353801
622041
191111
341387
247186
120022
450572
345179
475926
876063
40388
374334
963004
887590
406235
509752
120146
101523
496107
286774
509265
875288
874042
286815
949189
32588
333733
43559
624148
287022
32463
287596
306013
846115
715334
319520
903989
185001
583850
377310
712473
12810
772214
200879
188014
523247
765033
298788
649121
170872
136222
619889
316600
369450
189702
571745
670152
474522
322820
874277
936686
416224
50572
536119
310447
937404
