884183
267759
65963
511820
381699
52663
567646
397891
88491
260631
477438
687925
651267
835411
672531
784676
350752
632903
517398
644824
266691
233937
534384
182372
238916
381308
855069
110860
768019
981377
452363
828194
121015
906196
25510
643748
719884
949011
967170
603889
738713
538403
561449
318662
965641
988062
914247
627195
259502
936575
215417
377448
393435
824526
609275
479646
275160
710473
583858
984498
502813
618088
428181
87192
692054
971222
381482
216248
47492
461817
902427
45529
413193
664440
638789
367161
621746
188008
402283
379125
748123
137135
442786
505087
842998
65543
297030
603393
52409
587800
799429
481033
286747
513718
73372
918322
412226
834357
751153
886448
727433
542108
52756
700416
53692
880065
945163
303085
435377
130551
962262
983144
675602
702435
220860
896210
675822
628960
327730
283655
877061
782335
687414
80407
806432
393323
718048
211130
22252
623848
189770
415617
38773
110157
621574
222640
434737
129070
400038
381698
457656
720894
13107
282089
92585
457692
536055
364234
970052
259504
414818
968438
246338
666341
726301
270766
527353
727435
703475
655158
45124
775176
965147
602437
933140
936011
376048
663400
918371
345641
214513
860097
355980
130301
480045
723350
832425
443881
274611
420307
484745
443405
360311
877895
34178
617290
928153
555642
760517
495988
193260
288431
341540
18083
978782
587264
368925
26433
917546
249697
572387
474543
110047
212387
653980
595630
562184
15107
907333
908104
578210
550730
629738
90833
386761
979471
578874
249396
526079
439720
380721
552820
838840
579440
56447
86060
144772
137823
809301
749951
635273
505966
61755
42196
267372
771899
426736
506742
686049
611365
266852
39258
223821
419504
304752
359167
995669
438372
175495
397464
540391
315
391318
294063
573287
87587
998590
656165
511138
371270
91324
789510
689621
483741
185606
553216
18922
568384
424224
734826
53273
688697
900452
493527
708972
384257
384747
237787
402894
282799
777006
323336
472129
75751
503598
687689
77845
906972
827556
697222
215304
180320
928026
53129
270613
706440
481000
462134
576409
439770
910425
967675
867571
257202
797937
991667
324555
244061
750427
361225
154686
770841
953561
329234
24082
126501
235156
717360
617760
503332
943926
831521
151425
445715
483471
85091
838479
211406
577137
806380
621021
278355
432707
524203
853276
449118
266360
529071
254410
478883
534715
790546
830145
71564
797201
283210
974773
876338
110457
409829
668343
606923
766560
663683
966607
551486
746063
270374
943807
816165
918160
92323
686666
408524
9397
550570
99602
993501
911119
32461
377535
937485
768755
898989
14991
517957
680144
626025
772664
848818
506282
246757
756928
61203
387647
420196
305905
992227
964127
941476
30568
42499
830500
992745
473454
708662
814717
912980
901221
406962
845842
160654
320394
775485
227711
765335
585532
671007
349417
989698
123803
342744
198591
865172
468065
643992
679818
875107
601506
356401
239436
256738
228960
727291
57836
870064
8441
778540
244706
115434
769438
341805
134559
478404
799217
573750
239583
444697
700907
599020
65095
926742
587414
31653
536953
450252
112596
855613
415780
784149
650622
827322
698828
155125
877214
755910
281358
218194
13759
692856
871909
131002
19168
168228
534649
336658
599764
423441
671816
334662
258067
855674
538675
218579
888123
904843
369364
672293
16407
647982
146570
806787
138819
312897
123263
61443
104661
347451
957902
828120
840607
815338
28065
917583
464253
6450
911576
248157
377450
729009
190951
923478
758946
452803
796389
315009
157522
519334
907382
722297
872887
512893
670997
134662
216867
165182
587259
808445
399564
20504
848569
529915
636819
986629
929543
22749
231271
600122
54722
972084
637300
424469
612222
609826
30661
637424
460464
764906
830503
6983
915076
446195
166900
821667
805776
652710
145888
79706
586429
444459
371186
709553
841664
853995
96996
659089
675073
757697
828631
254914
343582
699091
350247
912425
282470
140262
265875
5517
539950
4534
523205
433571
558359
251422
754726
447768
268604
676085
767683
864301
610971
650731
522694
703380
742732
605499
467033
126545
611066
785756
269473
704775
525505
64320
111234
828362
616232
936611
394348
400724
96480
395259
657933
44040
785684
238100
939220
959653
588754
998160
371098
783706
19359
664578
977395
10444
681135
618593
321527
316361
469028
827820
957441
570649
392439
872664
655855
993112
513019
480450
714788
539316
665599
917338
288551
400591
478046
697575
35643
581910
728409
431978
808273
924624
731257
35759
239871
226238
224531
867960
926850
840494
649322
583404
970595
620360
529374
960153
317580
574057
72671
976734
938652
414884
285023
128896
181390
449986
100218
10826
283368
37023
903348
513995
144063
275438
765564
172969
660354
286871
339214
386524
481755
426786
138002
70374
174192
552723
129901
765501
43552
752713
809077
635643
856241
28274
608036
103130
616903
705342
67124
785763
627303
135159
692893
712301
106940
154904
763059
93264
46416
450097
225878
396684
978529
379405
433397
441623
634054
312891
669955
67039
230069
515419
672185
564915
518304
926685
20623
452575
719648
170749
400296
534923
138026
614836
602396
271100
434769
473787
624085
82178
10740
55011
536417
104859
512007
34507
260640
353199
874960
521492
917324
450898
185390
225093
838238
949
898094
12785
363397
94267
179494
485842
577517
564305
6810
408558
204159
854664
295429
343857
243509
323336
352746
736535
181118
867994
530842
927132
834248
717110
584556
420727
610496
516947
677888
433936
274924
857769
699908
749312
930234
125444
501278
171128
330978
512804
434995
935380
367983
611230
25269
911394
456692
436935
430372
369342
298202
271499
623641
693756
260447
810
953046
808146
392345
788013
236783
926697
3550
304573
444700
126417
863825
791685
968157
738022
820083
604757
801185
811363
528583
365740
862362
726621
684579
479244
631108
134248
840858
472798
824841
64702
274844
302961
899381
27021
251933
893137
953420
767470
773832
231480
501374
436584
28469
165118
29899
919031
365715
596125
151484
47269
9227
293607
635168
918980
670242
462973
940496
609902
303851
440571
938409
348502
616332
663645
409237
378891
856391
366223
228118
492376
907756
177279
940916
46759
942461
752565
937343
386161
584687
277114
951762
268867
363367
436803
988111
111293
631476
678241
405481
55918
72055
245476
627420
185662
449125
26961
84532
527476
68683
117163
842673
553995
347001
555913
880571
605467
97558
391747
41672
952165
857362
430986
129903
511077
740513
602367
516597
890976
580343
573395
910988
779443
278921
595923
869726
710930
490334
124865
577021
77270
552945
724630
900267
316333
400081
691037
930686
882318
200874
894479
440553
247914
854365
139103
265396
649762
171039
464641
35311
816731
507094
675907
107853
883744
934455
507828
292015
122159
608922
567128
355113
831516
616157
902027
988092
960534
819393
585002
765208
785246
343833
177949
112439
715427
228123
685827
983376
987881
300406
947085
390955
293224
717851
826552
739523
695608
236333
5733
8577
835790
773065
478622
657482
182450
615146
545855
461689
146091
106718
268700
201008
911902
546225
707869
779152
771679
741348
758669
742236
67980
461731
338135
953875
298058
573938
539620
788120
263566
615893
248443
130152
473504
679307
248687
908201
135665
15203
696392
292448
240476
473914
1677
839947
156183
150345
640837
257811
910377
647218
313599
988942
780759
499863
38991
887218
864097
765058
153534
172283
699093
702914
721125
788400
164933
138157
323496
271540
999874
317186
879031
995396
785450
755489
45724
196785
728041
879187
773008
748141
25804
299072
376053
996067
598315
858883
905180
423537
6575
216698
719247
157077
901574
222086
733529
183055
567858
686916
27032
177671
34554
930287
969233
621774
16754
209836
968765
263833
783362
847134
642174
986892
756429
372877
332336
853915
58167
745114
686729
230182
799783
70750
836138
281654
50627
782799
731035
385077
79581
202336
610326
437322
777038
766815
648489
433182
628263
27408
494502
63708
167633
457725
807402
26665
71576
694397
745582
819912
214600
753998
784524
855093
218260
338407
577978
161840
545481
487636
637374
841091
542758
540724
828915
899415
719735
759071
797256
423391
984843
273471
797517
419585
83382
602161
675403
885664
453716
130317
914956
140869
340705
318313
943351
229920
110223
478658
171040
96356
646433
377802
595232
228083
490655
892792
816819
620988
675496
626901
369695
742082
897787
795571
488863
82797
611252
700406
987367
704367
261709
443931
741691
586908
870833
158777
725707
55671
493772
519776
819864
292976
667263
767522
777526
187622
386591
142150
6546
284440
529174
58018
58404
423915
713993
374874
843982
566001
505409
118828
240199
343106
323880
354713
462314
883042
174078
210627
305427
475440
280032
440718
781902
250019
61526
927870
913440
963152
13683
205350
794692
920719
234798
662661
769321
566110
334008
821549
207437
619400
823181
327628
462555
718862
700689
867616
884421
237957
108720
914307
201104
795749
170459
927579
441493
15657
719359
633672
60650
40044
121341
954709
932269
444225
887983
853327
33242
56306
946512
801946
283632
869084
345747
254142
698636
458893
990833
764511
234746
957679
852775
970377
476851
402768
260276
313209
361333
661084
63722
141059
374071
127811
64781
728914
928193
692238
836710
77033
551500
976423
703204
622377
497956
898471
582584
880208
39777
6580
456736
503682
339548
81349
657652
528536
155267
255751
712195
34317
354481
126987
379078
194804
56595
833087
199959
898214
155202
707913
343169
346765
299878
779390
152683
197521
653628
813795
609863
776949
782137
326971
825254
193454
885012
213760
991228
29791
866811
870371
210853
45783
340925
217604
213567
103957
828876
382065
655983
675888
359721
478187
139576
569544
506472
235715
993554
843955
413547
250736
273923
774578
660501
398241
406131
925523
439247
452004
332903
756147
173863
704665
447770
768063
921203
659093
118334
425138
674944
901186
127
546202
149267
196969
755643
129963
147881
44690
424698
772371
130729
952220
745701
975704
25093
90610
835411
891766
641504
470344
624330
79117
343370
368798
420533
931178
555210
472071
278877
338224
102215
886202
208834
374313
685508
903700
60447
639142
434475
598730
347858
697085
931191
93161
45440
32960
707604
186569
68353
198441
567207
73763
354680
63586
233723
870549
940604
863592
422149
837968
659054
85947
39770
366170
471971
882856
154704
884101
307222
521380
769282
10940
73790
361897
82995
261461
619776
984519
591790
356204
116276
450041
959391
917096
552309
595717
153597
748763
664273
452886
755761
986432
117951
13515
911765
214250
681972
855220
280920
176313
693567
560461
274380
536089
906688
124329
199410
649537
943814
444053
116713
521096
89631
339009
217387
62683
752708
914622
849716
766081
35676
190696
780571
924028
336512
838177
797435
692844
503902
831740
941957
391932
362534
591850
262973
133407
871943
993376
229857
756366
921346
107214
71305
206650
244053
465808
380740
557186
671966
419548
414422
873384
822459
170018
681314
809952
289408
501198
694947
365900
531559
209354
439786
77291
693039
732224
460821
777885
715356
56681
839524
964197
866698
282082
298921
95257
414265
905017
612515
88171
441380
135650
933686
394534
563514
515865
730317
843453
866568
706301
757406
468600
579382
140666
290374
781595
935056
269505
461699
564606
702513
44549
527883
369303
638852
141252
854562
780109
684408
6004
450209
812782
197535
49437
994789
603923
948086
918248
23421
732476
264775
146634
626961
298823
529403
464751
392446
16356
654143
102254
802543
655567
704871
789238
776860
165173
721832
69226
436433
940744
429161
871913
391577
648157
156873
23680
539291
272828
503375
248953
446036
894060
320787
222530
244243
114859
632304
658357
145499
404033
374916
749816
57586
392832
219765
626613
446050
919453
67988
519855
114396
702203
140999
311384
173432
684234
360127
248072
825801
24001
763447
535358
681550
513365
906400
673462
258346
124317
211458
147085
117860
529112
350611
140754
378139
210450
789005
299234
489253
488053
206139
578760
53175
456853
305798
428882
55474
954486
794826
281307
92745
258360
956026
380900
932564
59953
980685
481691
471833
132858
253144
524940
240266
511897
875938
933214
617108
630007
340296
241355
549145
822013
800156
528745
926382
118090
634752
142587
635741
169170
731968
783245
202613
231875
213691
685109
553490
280835
729148
669217
294950
787582
91916
499597
277092
460389
591702
52410
763310
53503
298842
150131
594896
325628
274173
477779
962079
829071
869445
950689
802963
987750
985725
664919
30411
975097
786666
993245
451745
458243
946939
76336
124064
260701
520215
375224
537099
343932
75319
173221
816311
519222
67795
849865
577344
962346
629202
5841
516920
230553
95719
395937
100160
913016
181976
806241
476354
325524
564405
373534
718035
896080
113588
531480
545696
878950
656466
433828
438275
856583
542649
515132
325432
91325
228099
280190
761983
844281
496004
924117
179876
548717
667810
302596
73363
50122
936095
798144
694899
774513
257536
577294
995462
407632
237850
434316
732182
658954
386844
404619
631033
788535
519614
184415
160719
304915
66539
894990
705690
599732
265596
682939
347611
988365
685667
665991
183052
298058
483381
561306
642326
972028
598347
328633
130323
405144
175453
877989
224894
366010
992950
127365
757944
785446
533342
936310
565173
88408
312259
949968
395990
928526
278922
755278
608125
136271
944379
158106
872567
300103
223086
624387
321915
658967
770295
775351
771945
825813
65203
420101
288516
548664
514623
468899
176376
676952
758541
575280
498317
693003
690698
547857
890902
259907
749062
119652
268975
946923
756098
384320
396134
943355
284907
689201
999916
575170
84555
642870
551301
22999
690494
171939
367310
475820
327457
730723
637049
774875
514737
271060
755971
314762
603285
81000
38395
958961
805346
92171
797199
600063
195650
574927
625621
183283
160059
570799
7262
518251
933428
730334
465745
98720
812673
623114
344825
675207
949252
127275
310014
431462
809455
228657
203190
116184
863270
353818
395437
714441
356663
493829
161274
502671
819375
962937
967381
976125
644645
61705
698938
696586
639527
539883
473169
741362
983026
173976
716634
290596
163196
516136
172931
11512
977561
925336
58619
180026
889734
218716
898206
634534
911711
210363
927120
660923
667883
956555
106208
490446
683279
334843
902712
579247
636348
257445
502945
725433
842242
313713
63316
312811
515401
252041
235421
99260
754983
288597
497920
259937
636424
912848
863994
490004
766944
532216
881033
188315
244495
43807
522046
743712
625118
187561
761771
504360
3333
644270
826776
48598
422320
406878
420904
980636
239209
753301
965164
847115
303739
772740
778722
539874
438954
358310
57785
722608
765617
11250
23256
567460
131891
855982
265582
635658
278950
209932
204596
304974
123906
731334
329290
87502
811353
632174
819268
217249
348221
399457
294835
439760
14470
720499
930015
104288
1597
66636
582302
669215
118585
201625
63116
84168
360466
335187
681596
435160
539506
326233
996713
584175
680537
826527
660007
70854
617984
374788
162542
39389
441797
554709
657397
992131
640805
529588
459298
353507
838950
75534
371994
347239
990546
968119
375739
166590
501156
292080
742390
265708
464808
646217
346163
755897
629163
517114
607324
97563
179674
635902
328129
919557
125547
281229
702982
728466
849810
125030
62308
261239
19897
122058
453793
783102
255489
633915
828764
377659
644275
819815
574797
23788
421727
73359
128026
303070
880092
970891
954178
512013
8747
389784
753664
863944
983123
117134
986873
811691
953078
818167
317128
498992
495058
779641
382753
918554
384285
529361
560488
165683
964620
811690
473063
914279
991435
87464
828515
203876
503394
138839
487965
477919
273972
94565
745136
900589
303979
84612
618902
70773
313656
62937
120015
308463
36716
778992
499673
304232
653029
36912
58970
384052
171760
19348
755926
651955
663296
142520
814808
366685
237969
281679
189701
309289
62011
244535
227113
789335
779126
571814
159099
378304
835152
280980
998517
610169
339333
781021
611681
991214
519502
895417
649898
553039
152398
804356
901072
696738
380826
619675
135833
554056
673977
802243
617872
291800
240513
445552
654571
669403
696202
949699
858695
138814
439526
295729
357750
92477
16007
633931
755493
958809
263750
369050
996251
368856
65033
705310
141017
412642
833592
51507
594328
147779
622111
102758
187244
188092
723393
650601
308158
539474
90555
981177
168534
95117
404342
675166
61643
486267
885009
368405
195116
848222
872725
857364
538458
467626
481505
754342
635383
89977
38093
336608
220592
803320
732610
847862
699768
838244
329794
832427
720133
401244
912845
358792
500294
955420
851539
19110
75905
333070
10363
238969
264701
795661
523889
573266
251034
650576
512449
418630
118621
533274
910646
655150
101799
836991
333132
204084
37486
498845
238074
326574
270566
601322
429939
381738
921415
712824
604074
478843
467323
286383
115262
479532
904402
750981
474312
723849
608141
886619
421126
792962
666432
332103
646022
327301
687844
580321
395116
697298
139824
138953
338771
450092
422961
6376
532058
697111
171350
978339
28675
628552
989130
19769
169674
882977
590828
122535
523089
784483
678669
142726
479621
801737
156133
51358
297863
752620
59287
832923
465804
769786
934404
519911
333520
758701
778781
530086
481701
37532
178004
211136
752426
782669
648366
900273
121640
341156
89288
783027
490687
311778
973673
325647
908361
110051
454553
871939
341180
575823
415584
710595
331131
964287
241194
922336
385552
410355
320526
836159
946812
722122
701050
800766
831726
64117
265781
721384
948772
18668
238183
524831
963280
172723
602057
211941
278299
805400
100684
782912
211603
211412
959211
987627
43231
778941
135149
55861
996416
904657
474174
499259
683001
230521
676303
9072
56422
531037
977942
130784
299638
400072
352943
513532
910479
773939
294181
109791
730442
207890
525955
973524
773047
749208
738523
832306
407078
143190
64208
733414
694139
756298
252138
47565
209316
780670
288642
608338
755306
120567
622477
901256
868398
487673
412886
388655
199143
66566
159677
401550
407788
273605
940628
680332
919444
258188
639794
566147
268218
989000
377742
913470
598850
756678
417547
338246
984230
911480
866411
189521
355879
58545
474962
989781
148090
982663
483226
155071
718847
432704
857278
98253
557495
994029
370895
331976
477821
918422
842433
749117
845989
127711
58407
891913
350576
919666
669093
968203
927400
928528
811692
702263
751236
474191
205463
662842
944723
479484
484384
611433
498238
225335
722238
627193
352360
458402
37917
955163
296194
278522
245967
141315
492313
932728
264378
597892
95402
171851
204355
603128
926002
16586
612402
915222
122746
97235
156648
18962
736524
680827
185383
736507
570822
437387
582496
176691
563329
11917
703205
937755
614457
368551
750478
35314
796446
744582
54906
246737
524263
207607
497641
773968
821323
714948
403208
265796
269290
756133
881300
447355
553758
260908
209558
490872
756649
91911
367963
795722
995523
737024
691232
175565
700872
771508
127509
549726
527790
117414
274193
835884
668640
202608
686622
70236
89507
89341
11067
695874
627028
575265
961171
616762
709578
612292
755581
290832
176343
89871
430981
715059
470658
873624
250536
753547
343726
964694
405356
947600
603377
92381
648207
922826
63010
95318
367612
531848
503449
293211
126073
494560
420759
642954
286118
520091
313390
238216
929024
610681
515098
822403
681039
113678
489361
86510
742361
754264
817606
859685
599997
166507
854507
70911
239368
673100
736592
612724
909868
66357
316138
278709
180911
225266
664405
185372
561700
669833
292642
917821
368497
983548
767026
561112
694854
911212
2488
892616
404499
733295
895163
536301
230205
667948
267786
700842
354683
670702
544149
759064
469670
577249
727410
98969
316555
954067
88769
284564
551821
516750
351775
82405
513818
447300
959360
827100
287251
750544
21835
252985
762804
729965
532320
611342
334244
144673
230734
99277
156011
658748
590691
168445
463476
593236
810604
557485
342633
693959
695187
811092
913990
750269
33983
10523
502194
473181
804099
186592
294543
277871
971166
772780
891274
866201
905223
419935
26046
76422
66265
48902
665919
629863
248583
761230
200799
649534
748366
363286
325113
116388
707539
775316
889407
532085
565239
425556
152538
807691
984459
873658
211847
913193
671656
913256
737258
218156
156080
22976
408444
239360
193956
896454
729792
960645
388918
51331
887130
494347
585927
805446
521118
733948
111654
784997
442573
547911
395104
443233
743520
189761
123458
23341
778184
694652
788588
853453
849005
585590
777327
553244
689716
244601
131523
402210
941814
272715
641033
60927
225276
94934
499328
552290
491228
662242
710643
184507
896148
435399
457533
392918
399313
567060
92576
864701
920044
294062
30360
52313
672810
634736
428575
985980
707940
285942
413851
962413
354833
759784
195558
227730
553165
768748
990960
585751
824078
426523
209954
735379
158216
158284
779062
692800
78646
376587
106887
104200
278858
789526
814700
641041
295155
203468
971253
430564
686079
281301
601903
755258
772924
586988
208852
377414
187953
269797
840734
915848
997034
804557
74486
898499
389377
150115
671321
983250
839098
460601
59876
822391
425354
161046
981963
416607
541748
800413
830119
387805
409047
424655
382274
796544
932991
88259
669139
397761
593068
767652
882310
777759
949698
124203
812027
85655
665808
790271
85799
629523
269399
511680
441925
692135
45807
480075
602561
755755
621485
118749
672110
908959
337117
674636
549871
657559
509187
886567
463197
521419
421354
985459
816506
321013
847315
632555
133194
587710
767383
224582
991548
196478
907836
930205
206104
285446
229320
803916
770530
982587
724860
24394
909260
459430
681077
71985
384210
382533
779373
464391
795518
437907
631115
685065
942300
279939
946314
244944
490407
145512
439517
477997
769998
805035
123313
192308
312444
348609
552968
167484
933105
314200
867067
393377
272145
873154
226240
912196
596670
960670
84294
203375
79804
144092
862696
284569
746225
44296
485614
359690
573769
327887
248643
783493
827881
565120
499588
16777
741333
18441
370386
288329
102582
95174
260996
469416
242892
109608
898717
25648
104750
885020
531080
101636
776751
377751
311790
887360
764186
94756
509424
90875
357275
24253
119809
345415
760053
439702
379782
541310
154820
860213
148084
839293
28854
501434
368421
433570
380188
590709
434444
971906
595282
653043
363832
430352
610403
626865
537037
787119
524087
67087
810171
551091
522132
912751
14907
848312
348903
602520
760158
915129
831429
646835
620690
659390
838359
665121
598071
745089
465449
920251
209940
724059
741889
520064
907908
460221
891654
496052
466733
91497
107340
133802
590230
536339
2939
379708
548441
301204
559182
608360
545355
598113
484246
11375
738922
214386
709696
625110
202085
362381
183930
529098
948099
37995
927682
394658
815503
925028
748038
378910
157381
319404
761728
527669
107781
381739
693365
109354
5563
470128
309913
794863
562882
445396
352701
813765
896905
419648
479193
643884
441722
219571
338472
724813
359984
747191
863475
201177
432064
942347
436098
658860
942994
736667
825296
654555
704578
42065
958092
289977
778046
645085
292453
392861
749676
902121
285143
393233
199913
198745
112213
613612
741972
549038
810952
322051
436190
323209
983757
50311
495620
713181
430859
313368
66358
318530
668538
515138
449007
401379
149933
362214
593973
91060
542329
423280
831896
308656
541379
802086
157413
554219
156085
142744
637516
540745
615058
726610
781985
832071
661315
434749
281232
189781
767333
195084
256547
967941
383355
989900
45149
425071
506873
362607
922057
197442
15560
314954
168708
674138
631782
173038
592304
899472
375080
257969
442693
908062
342022
719390
426115
424031
47364
396855
39983
840970
579252
802796
933006
246821
900216
403807
103916
245387
657785
76293
267196
481869
378080
804052
717076
470855
196458
569422
877742
34736
678121
537339
400158
512752
248892
946961
21248
609655
959064
460057
832110
487368
921921
685197
792427
96707
449144
845441
785555
551444
731264
915544
621247
167498
713285
322674
274747
276651
507251
355252
194961
967583
724567
64401
873314
195549
33816
496496
466257
331696
905848
695704
58579
335942
608246
638748
754372
311711
461219
180091
867615
387700
247303
54987
622757
759965
167351
805049
805035
33960
87553
834465
547997
555709
587635
973200
615865
701831
500395
568092
216660
924182
569612
350152
683390
832461
220310
571641
938773
360908
883747
207252
929856
271036
721446
505305
265338
91377
547859
147229
266195
407102
604736
753563
583673
397600
629294
434251
723669
524757
978314
80861
818269
756727
603099
979331
120800
335150
572879
38265
318410
205146
969098
759225
804122
56308
272921
878326
763789
945531
450290
802769
646085
134614
751563
621788
638887
720666
942637
417813
394567
426824
281508
292965
21862
466312
55744
620686
824992
768324
716370
821379
863072
916216
229584
240297
53715
878176
186422
700526
208929
689925
396150
803282
189078
629979
527532
546896
961160
726979
320378
621554
719259
880566
914371
663715
986569
133294
425590
348189
786137
254852
842078
975174
384082
222604
821802
386298
99814
346811
330081
833890
698686
730783
385208
643601
956322
102821
209097
338397
926030
515257
78983
583115
694655
748434
428932
938575
736872
401818
269764
382903
629176
29684
507004
648898
427142
460561
891049
572574
34089
394382
508692
574177
540889
591357
701441
267076
515872
416294
232030
405998
142823
338294
811251
137059
691325
463240
225629
123024
382804
898702
546553
119780
791761
338067
592867
36394
847114
426059
70836
511559
136013
39604
653062
917610
497884
157516
118378
788406
235469
541747
839359
505212
494657
250026
421894
876695
10045
431509
438105
822005
804195
316271
295946
640105
653372
814310
92149
283526
193825
849801
2306
649816
488363
108322
857619
873978
292112
829286
130078
432132
95038
99888
791843
393114
217089
585561
192539
333588
158672
296695
829830
445735
363268
833513
627731
798150
503739
59475
480948
821878
472434
198986
661741
546857
352686
657157
446260
922502
280685
472866
39894
277506
246177
46055
471678
910852
762584
292695
561132
870801
49153
765612
315057
519516
687313
371878
941
15736
790818
720514
434233
655023
98872
993139
209282
457220
333151
808474
972673
106665
379933
386129
273919
4932
583328
211478
956945
538607
669925
634243
539817
14850
828571
702792
303939
188025
271708
596631
413843
183991
559884
548029
823502
972063
55353
573419
174396
695022
480210
880
502821
386855
532356
927677
551024
478104
423798
103893
654655
936219
521317
923908
360053
324526
625747
165822
152316
451257
950444
424731
672856
217673
956802
256859
36692
858100
356104
125269
421659
586994
281426
359360
567376
833054
130172
868686
336054
500425
739657
708121
155962
395959
573044
659627
99664
790378
41256
236744
86738
507420
705399
238758
699256
424771
74709
629882
573681
166204
206167
53700
399691
678518
147517
993465
522229
859906
220782
717961
129705
789755
213840
585982
537731
158610
685143
30150
563088
887291
580546
512209
15189
669808
873396
239015
940236
980783
619602
545907
359920
602037
136547
643107
560690
860054
398536
803572
941434
864080
191040
933193
302629
378565
278611
344763
57395
304439
211302
969818
9101
8623
986745
966335
550502
858472
832411
356633
639158
629750
510757
449373
737422
771061
4891
750675
943624
270893
922081
263843
637652
987960
860996
206428
677947
168566
934953
827236
256936
17316
458634
713945
367344
405097
972568
754255
680466
924617
820331
966693
505841
876473
112046
880909
8128
742150
286273
100132
311908
131606
628712
207089
647742
780371
585385
706839
786612
58558
610223
669337
860851
899147
53341
872670
785593
630688
445411
911347
728889
160338
333287
105913
920828
888037
48918
126783
509913
689126
835717
439014
739605
753981
731656
348784
118117
965261
850324
145118
602329
549274
287944
673617
766411
704912
747061
808214
554356
159911
739929
513266
835618
106355
559745
984483
26446
40760
792229
822118
136043
33592
529732
628635
51528
160536
736951
802915
758572
306410
951982
717585
977758
728714
305969
638194
225900
10055
69477
365025
804342
178793
811028
33277
580458
307326
976169
583158
246139
966172
713848
855215
115124
718011
691492
777312
465352
314951
368359
325858
437549
377680
530826
943255
254348
542724
435585
408628
236197
41286
121928
85207
547801
489918
428213
947217
142028
883708
608800
623708
301832
702597
734623
736148
596047
547605
826700
18717
886158
800793
415751
196269
88622
481090
711831
474290
681036
770084
345847
414472
483993
102452
263644
215428
743076
62252
795543
1558
605091
820760
981743
376929
870020
552744
532238
246993
501469
662559
155007
570264
331037
198509
105618
121825
709876
416938
71851
908770
165654
680696
634742
196767
325478
712183
945016
822803
940078
640655
216320
961210
808655
367497
395479
352218
872925
389370
794930
769449
740010
679122
290858
365237
625033
103333
142105
627543
651446
155797
350920
151486
862645
902174
926827
275590
552970
113563
995096
202220
15889
446521
120750
339678
879205
367629
904340
359664
423455
842917
32981
417906
975024
532798
183677
92261
584700
256197
138186
167759
998606
425492
688634
842047
779201
655923
520000
520480
439130
260874
485115
729453
932289
217046
878566
622800
833445
494590
634888
969343
778102
312131
764209
110380
499442
49088
292919
734271
606107
164339
147245
301706
546417
814709
295259
769548
471614
4239
221526
341962
217180
679678
745198
921252
163700
688162
887798
99764
473732
509022
321182
289098
270513
346557
872177
521477
40704
580923
743230
853586
149462
197090
678295
791347
922798
293452
841059
969991
589327
679623
426548
709172
531595
310272
249438
986002
957251
386456
255825
723606
748837
873524
79723
941679
743726
2605
536651
669555
826969
563455
660745
502179
328473
616288
468863
144923
459838
376650
333084
182902
911991
714303
404363
2953
778947
415079
762302
268214
314056
693740
783050
663597
871967
81007
393716
211325
826804
229661
741118
190635
791025
545299
714312
326932
70018
688434
281989
534282
673142
53536
366772
513837
709028
783764
848242
965559
125932
586035
958623
16672
305689
421988
569331
328168
980482
935757
812757
171486
595645
681075
849193
47923
18818
512370
595755
691927
425241
846935
267193
276360
397584
726324
777435
715877
395777
277496
560435
594664
285134
971336
954079
128094
825365
824570
451934
421852
771561
529701
709645
344588
183240
237226
923905
149085
436670
883524
531010
544
667411
797100
587883
578011
993096
39089
903013
262758
975244
796292
879943
675103
581561
360059
420660
647324
874807
119690
953360
812243
841822
912027
948242
960587
814810
949858
879452
465288
558303
202646
477677
67431
106249
743070
555874
526290
294108
148160
803772
681740
637418
967775
345609
735262
744983
452219
903751
746458
716811
885642
608286
150741
293716
371439
273050
776433
201556
356643
675439
377460
524647
990196
483391
647128
173706
250828
449448
841922
550500
285318
213447
634123
844392
45901
167688
139145
607824
23479
824430
470620
598681
545402
981890
55149
704535
42011
507281
320079
153921
478316
377974
585223
763055
911004
144021
332020
481336
74373
34200
13187
909231
735371
712535
619515
312429
340301
278902
140013
164544
114331
402256
314941
669578
799282
129276
668768
352321
881688
326179
156289
381912
778049
56276
661218
639321
318901
14887
945726
794906
741220
459310
843366
885523
186759
123565
999624
889437
406301
224168
813369
279783
709064
616318
355581
454653
262812
819349
783771
436451
861134
288566
405549
425920
348902
23546
660430
181656
679447
652986
782274
990749
473889
17306
64970
579434
949281
65720
640264
621886
550656
513556
514466
197550
211135
794243
655028
204436
966172
572855
929230
567727
94606
761900
7208
510421
244184
363765
625175
987500
523561
339372
335910
706528
23499
248114
79753
622348
101353
690363
54348
933380
690669
569027
75165
100551
194035
68187
511282
611156
104773
396331
927874
308146
546978
816142
132665
40808
17826
880700
644682
522275
410409
834716
924386
178348
213733
158324
479557
364890
810617
310679
827801
729879
673728
270119
566239
946369
411691
15233
649139
283553
539947
688812
774253
149299
238542
409413
992815
946060
365228
944004
510674
58026
879533
682646
552012
547153
349798
970355
642527
270860
495420
724511
235834
807147
362566
544081
936101
301150
534090
292939
122159
56934
917811
337874
978627
326109
829597
374545
69767
341436
241182
716176
751152
489151
561011
855327
459000
867126
14530
281945
689170
245300
995926
945847
299411
271835
346126
423239
341900
595021
152473
362498
300309
416910
171187
215339
933685
757855
320255
840839
700888
255785
231746
412451
892154
252114
115129
641672
202032
377145
277878
731965
842414
976811
89969
592035
234371
657121
626250
649844
220363
656734
138396
373710
303014
306708
975722
556121
886996
134745
180577
159735
367099
815664
875072
847319
830410
160990
907497
918122
78664
419687
330904
271394
525984
519898
717245
655824
303410
774070
87834
844092
300012
641830
940164
547887
142836
717679
213484
476890
500166
372044
879124
997370
818829
356178
426936
958746
889807
100191
878071
873467
842876
46951
69718
475379
783568
715924
302827
486316
475966
996434
647318
966908
286380
474103
971436
687996
680659
710475
196311
26833
203465
953123
8642
755627
655672
478678
951418
202857
261088
677814
209867
168333
272290
721608
888081
507622
845488
584684
864627
950056
281899
457744
493377
408285
914279
865715
322790
351830
449893
684549
101324
74846
482582
78971
698761
73444
618162
37784
150216
242735
973056
675563
340148
911409
258701
389239
979508
257545
197762
920240
175004
159826
162005
457864
44722
235958
261167
403363
573573
625503
360684
74615
14159
861224
99098
406659
235549
975815
562212
107514
851170
497677
29220
555697
428613
160038
70979
160590
637358
208422
433035
378857
826949
317174
285330
846062
175172
758375
159757
628702
784138
384769
307981
24663
720144
959955
303559
894597
430666
141679
917490
5133
508051
224952
912431
206936
656888
41537
154693
790738
777706
415252
204197
3555
686425
978184
526819
269020
687417
663976
982670
80773
351369
927324
908648
639236
1705
558196
828126
84161
893470
619035
716296
31814
538551
707137
450749
484957
122241
690182
194347
313513
574398
377366
338149
245639
149652
999727
447908
584247
152827
912598
624865
158300
750621
873402
902429
493782
100529
67812
720926
666035
879854
51843
98132
514604
684562
147476
552844
944425
960598
110092
433791
444020
847018
424440
148880
409014
191154
543630
670192
550113
486964
269573
218567
660191
532796
451054
646937
474448
683470
448082
872873
276523
869833
62705
865489
846985
141487
493701
398008
476072
466798
507876
130436
677357
833447
436859
767714
43914
516019
603414
33788
559374
782482
760603
169844
200777
314301
491138
748964
169039
611744
975841
338006
197624
238822
811210
999451
542677
988961
626681
377694
247464
389858
218198
946020
957815
724189
479574
215785
320895
406782
616580
928049
436095
607125
883879
238027
354008
764664
868725
693305
133899
821600
691253
581432
977021
181699
790
205461
692733
800535
458099
497950
638695
264452
697128
44165
301047
272976
45429
742794
731672
500069
559081
299453
975954
718389
662709
584915
343592
321642
934409
25630
78316
889762
392688
748854
617540
488819
773976
676055
719868
928116
304369
220800
458657
848273
507742
769251
132498
552951
855815
478588
52267
701566
821608
792441
481248
815878
766257
701263
521974
693627
973394
433101
794590
404544
504846
398202
131463
438319
485011
858615
754569
267168
143160
437908
314212
449963
622540
275067
262776
909249
241865
857604
787362
215390
357334
319692
914850
891751
317483
962058
618656
895229
916905
916616
406621
942908
678614
241724
407867
978043
625859
925276
486147
741259
958887
166835
381435
370967
309907
122668
791170
751691
375281
666076
12657
654994
496817
292534
669200
511963
50621
352787
537427
837715
74853
854808
12731
487315
250911
263146
341359
56839
295801
239425
599175
825271
423034
870252
619577
454966
113314
410103
592682
670974
657444
116266
741880
813186
234019
848168
281355
496269
130942
503969
798609
369763
192153
934874
455425
948398
639977
76779
502701
599247
939401
255570
451789
737776
919882
295878
103964
782891
309059
609307
52993
316498
999348
288259
903291
719498
795961
346374
976359
790543
282163
361310
121608
433906
116561
346155
444281
63700
491531
133458
581496
72122
677440
268100
825637
345746
21907
8391
679570
721295
368833
869328
803832
422067
831801
223618
784135
890827
330595
847356
993244
28498
459715
291047
530315
140636
255053
798585
851146
599965
615180
593744
11375
613381
30185
444281
540323
371752
623082
76130
924146
517379
148374
460162
788788
967372
185019
433814
304755
519598
721751
495947
897160
722285
94885
155537
697234
596301
874079
213672
812842
440256
849171
667372
885052
108453
694462
832208
84169
80659
501460
882003
686982
296753
890911
318357
452344
855600
410779
704801
801957
801139
929322
998998
827060
73601
520326
85770
586690
532867
413593
692290
972596
802396
188395
834545
69178
636983
100089
447211
524790
886978
833239
362475
292422
57743
917000
277222
573343
552293
386097
60114
199531
392445
810435
47468
921100
613470
153914
750489
593026
196056
962953
250328
490058
782813
522376
580793
692344
351642
103065
210981
826113
300447
307131
791990
93863
49544
154677
227068
520379
188350
119269
686843
638593
768239
651466
308996
851758
841716
773087
969192
88113
570339
878788
111550
590355
751994
924506
273500
2914
216546
25666
3853
146737
315986
307214
877895
775665
441442
26953
951803
761211
409607
601154
84214
511552
564574
130664
763076
57286
174648
336256
179756
670556
757361
851916
284713
997159
305220
61328
698802
885226
678791
82080
133745
425777
52641
756008
751344
853471
741541
806657
168230
319646
45616
673659
707518
155912
229389
531154
469455
748617
556259
325786
11685
684594
989654
839970
988870
352592
941397
502726
856188
401235
300162
987970
415453
632900
684827
135922
743558
79022
387739
507931
260734
208005
855057
740413
154954
633353
733399
580204
181447
699770
418188
134498
399710
694450
164884
374749
631940
323409
796031
979358
117633
884347
545033
905982
259457
844173
879138
807587
95895
161824
87449
455983
613394
482922
137743
771279
841145
526693
453793
732522
147587
730003
922222
837804
250176
47185
655669
354361
137946
906389
591256
174364
748956
168126
482941
66028
140823
726779
375608
517888
372415
952936
95513
911347
4480
486220
628377
746647
709969
492664
493278
303503
751853
844434
989328
587757
102884
874693
28799
610155
796388
58967
829659
957390
967562
360675
95208
785806
276431
631648
191457
930640
787110
737390
977703
67470
685168
331845
595714
305913
692712
660797
290620
830608
909952
623186
973203
686748
894014
402694
20976
967122
283872
10129
49333
972707
654874
647138
560440
209332
877149
439363
626567
218088
485181
9651
272346
533511
955164
346607
629546
239795
408369
380822
899731
31499
35362
452647
129972
491615
306340
762801
39892
36661
730014
783098
411418
747036
899379
114009
57264
846315
862591
598315
421277
430559
886344
888497
949556
128684
611981
541702
186111
792410
743269
477250
9903
442484
958356
179301
300745
218533
685330
172534
412382
629714
627929
609234
341398
385296
764281
536115
851082
660885
568401
330320
48886
561023
119412
182364
919624
654532
475140
848450
865131
113717
628129
60789
476248
555910
285168
265503
9227
814460
611603
357517
40759
507196
975854
537368
96368
250446
226455
710346
729101
901508
809590
488678
472830
671574
585815
256917
377007
995818
327389
498136
556877
732978
165551
389429
128076
999548
816008
300820
384278
848288
419721
937383
536462
593398
811228
854330
577157
115434
755979
915813
156430
319192
561495
354551
704768
653472
685668
352182
744004
110072
771
508168
478985
468575
799566
352348
408375
201188
73158
216536
277679
499450
88094
939175
558098
960587
154487
499127
740651
708426
180991
748910
707900
341323
708123
498447
567657
647913
448114
871320
855096
970572
388109
244674
198787
671191
13088
648915
709995
362541
283217
899939
368432
3772
875338
362257
737803
43623
744616
849517
158910
615956
159126
775078
483764
366214
992050
932100
167515
602212
75029
595403
649003
5979
793270
646283
784469
965642
90893
328972
342925
215832
961716
746956
518892
371113
462219
492436
938232
921530
577313
523483
693722
825213
219387
133557
200285
962615
887818
450749
343254
337631
871172
998669
359307
919606
480508
626187
261023
65390
474725
100874
770337
389129
372802
592541
620842
241906
803559
569041
151407
595414
619104
576023
94901
606864
825887
13853
422134
832467
648333
644416
307985
997561
312778
856886
527332
124289
973518
490153
363672
72539
781697
328591
375424
488811
831910
138463
794802
514132
159546
413339
808510
825778
477355
178799
467940
938504
291350
505297
632024
284758
389763
847155
532475
374071
421316
987254
25730
159716
591661
275852
939935
588627
268756
42325
702285
628354
602982
602079
436011
335113
739123
421371
387186
595965
276249
722797
770554
187654
651827
387382
693400
358974
611719
396318
947539
640400
10131
683985
391731
934117
384154
697331
33722
174049
240129
836484
646245
944069
874204
668129
253085
716563
951635
291399
733369
886830
45724
123485
897729
527735
233438
11442
496248
445223
426145
472111
19177
405341
157048
782615
593824
598930
865087
554511
961992
297739
595669
770165
191798
699583
157036
641841
599225
543146
332466
821202
384977
181005
989262
560235
188873
953770
406300
4559
427027
114023
612649
238898
86967
385173
920336
381047
963811
13872
936699
989237
37962
284660
615396
51854
742961
437187
830290
583889
164806
6985
571170
298869
503974
566256
666536
550997
700331
850713
501615
143729
822615
761365
582047
438549
500170
220475
563151
422550
158698
81249
229405
417074
976553
394155
860610
567834
648097
312471
659523
333780
600805
888092
486980
799724
826971
282609
913590
755646
692303
653668
398809
111730
743546
546088
605164
530009
174415
113758
395500
819225
75206
2160
823607
24500
159880
269837
915455
437276
892346
920402
675142
52251
80570
292258
648728
946412
955159
100704
91180
560207
33958
580941
532360
362957
815381
274510
376337
681609
543086
12856
449702
854785
992777
589487
839086
681442
643533
982590
258869
857745
930643
769035
621222
290513
645316
893952
808564
573451
657031
796597
298273
193553
248840
623713
734386
918134
72942
86186
354103
288226
527758
924295
46836
21609
257473
936634
606689
898783
248156
445748
402977
623243
410425
268497
301887
458998
430667
174253
774341
646058
301669
933182
489061
211276
323849
674842
547851
209349
563689
331187
876547
942103
19965
476012
818898
758715
94684
152113
559535
509689
592567
265182
461125
354989
367367
289031
924770
975829
965771
474699
847920
85773
757920
800727
354758
443091
435702
485827
429636
442158
867241
754191
450582
605638
852925
791122
71623
929182
401182
792646
519630
783195
216004
667008
41514
518364
36749
206133
590107
378753
44341
160571
465516
973236
504370
221623
945171
860154
230194
129365
995429
931425
853182
981542
706167
464261
87342
257705
828820
101713
29341
289221
422225
122022
89885
462538
681535
324624
83038
420597
753388
487618
920902
563995
201661
602539
128922
745830
277203
656818
491510
947147
900390
625154
494388
616596
320551
124415
373334
930494
112058
109079
451117
992167
371693
475308
255045
402448
115803
454120
975588
805025
798071
989848
476973
467121
870198
263275
591318
395983
690940
407734
854285
392140
377927
291335
487195
202569
275849
68932
475271
502139
587420
745873
254214
120267
193493
175899
223638
657340
323093
485993
385631
698798
971567
377169
529925
10669
293855
570007
664120
577503
44555
139284
992246
130077
162005
946013
824283
170374
472212
268617
166923
678617
725080
306272
387764
544178
764173
348529
705743
754731
270925
113990
659746
525668
331870
932443
818855
308200
362921
215167
98636
786400
712300
124845
229601
391165
517592
694431
217170
630847
425122
41823
260091
947172
635141
543529
854114
55655
794718
407600
891839
768692
577982
792072
93571
729340
260987
112998
79903
476170
179851
432387
864677
693756
413954
752393
642375
559883
762284
955872
239302
880654
752789
311234
741530
955068
844459
562070
734623
706922
972294
770049
496921
123126
746674
196133
995043
74881
94061
132386
596780
674403
717120
327290
471522
724029
45466
974897
637224
27091
446225
722622
517798
216805
964632
309203
909085
346688
115157
301318
417830
687169
233645
943023
821302
594744
971258
86773
763651
16098
403204
204245
374739
534237
513140
861789
584192
645638
32018
646506
142471
434170
208569
348882
755964
861853
359235
687093
915437
986769
498418
316556
126547
902457
404188
501602
542395
998167
626286
637610
105707
123807
446176
984187
150072
823677
383569
497741
80245
230802
29839
563502
95201
418409
476653
542579
635264
642559
759364
854668
328021
461499
299601
899463
560039
513291
465293
36009
83238
258028
627036
551208
200893
707510
802406
531125
462107
781125
600309
126547
798376
16865
510565
589023
862104
349416
488005
738438
46814
69481
709688
452663
868953
621683
739921
554670
756800
955641
536718
458730
82174
328138
701145
147422
741961
625276
663454
607231
843649
444108
392495
896441
200415
726350
893000
266488
538750
898100
135769
442711
886250
436969
873533
282372
989305
969181
246223
998072
100831
894321
584579
791040
807261
343030
991885
38588
522165
727132
831321
29068
487749
901488
226604
253237
592334
259930
216907
939428
493549
190511
439159
33001
223505
883651
325409
924254
979882
778551
453625
853412
989925
693021
389441
526352
534097
820514
890789
612342
327145
245478
781281
516081
909335
436214
25641
640363
929661
728037
503577
312396
47217
459760
159190
989930
579634
104436
886687
452205
389872
520806
895038
195785
976791
119946
681458
767281
504734
618807
15780
285366
360509
147805
637333
37816
892333
267196
234376
117621
582788
75206
203036
25669
934224
459296
770837
424184
940762
868670
663652
802952
416805
914468
512763
846185
852545
33786
307283
790016
71818
851241
311474
894454
866646
448925
174625
824777
629562
515935
74821
638697
490783
240455
969871
509119
685528
152662
564811
571711
457184
999692
765023
775614
521108
46361
711036
449847
569095
87190
187472
253212
354060
487912
293158
873080
583397
947408
939164
160578
330739
937734
557390
347184
593034
805881
901506
18778
64197
284882
331276
754132
235172
34107
981530
354694
246354
987821
636198
76143
254685
13237
978225
450419
563826
582219
934717
926057
83222
200425
982084
60106
353089
263370
692123
558333
985740
369189
849994
877276
857300
263001
490397
589606
251101
472489
639025
193317
660991
501821
126715
713680
336121
145509
202733
827069
477871
632642
97930
777366
65900
537973
453137
32089
981607
181335
994406
350466
988987
980923
64806
544556
884545
127880
948122
156606
440201
957812
768902
613471
688830
893780
604678
628340
605199
106768
229993
232563
138167
786489
912575
605790
545376
482684
227845
881167
313020
832790
365980
300770
786528
818442
248118
314078
833138
749582
110909
364887
747197
8245
166923
210071
364345
970986
740810
598092
596124
704977
7989
973583
783081
218135
528194
860054
900718
392420
50146
650209
870278
259721
454283
884756
534135
626922
487818
991600
964501
162879
757306
254068
765422
294834
800113
46448
744182
640221
146997
319826
860149
526979
294469
473936
73441
637285
743108
648199
919522
543625
854295
637038
513687
205468
174277
96686
627949
595333
731199
15508
439733
732019
444701
515028
61762
32135
132515
722963
74267
826176
51999
81495
334376
743198
222644
150135
542195
978735
959719
265573
291510
229952
116272
237524
418759
156441
660848
48778
676551
697836
699793
999630
880908
332059
773382
176895
895699
181237
850114
57737
460774
899916
50512
997879
955261
701548
874607
97952
913901
6039
513030
302543
458757
247487
892964
857207
753282
735751
161901
492837
76305
586173
650051
228107
673417
626953
682445
937212
138251
538992
393980
677655
688037
621570
698853
585136
886125
834876
263482
466089
311430
51263
827759
231516
585105
266404
431719
464724
551328
48424
412643
226180
655956
842523
161158
961942
513087
82634
262268
768922
936251
652571
2216
789171
192192
17286
749311
253253
915550
72897
191815
496729
24223
261730
904722
161751
121592
127151
554601
484030
9099
399921
567566
910692
788536
88673
503088
755948
146477
373814
288699
351738
507618
442213
898580
968398
805072
952239
319718
751075
736814
491640
289052
268369
155421
645155
468513
807670
763117
650152
266350
399371
379055
22479
964905
482704
805786
293209
841298
267984
224866
951435
191645
58970
919900
825228
664305
230975
607734
656552
865885
271732
892195
151009
705245
307336
834580
517945
166310
55547
407438
722878
215743
462889
315462
904630
189088
355175
145600
672888
244080
399908
216578
801797
409400
209076
73565
481054
929955
610344
159862
65508
410867
99652
753786
220482
837532
40089
559818
343321
89819
796628
740798
908626
287098
795229
221964
189844
259769
402980
730604
260521
632614
383319
524183
677614
846063
839529
558268
689776
34928
686126
466087
894772
456219
12960
557158
416429
961889
959146
882161
516087
22227
690368
57744
696126
619138
58708
187508
710972
638473
617392
810563
1187
864203
758529
985022
713650
127265
87578
50481
736623
222151
677795
861319
831517
240668
416554
468653
150736
813517
936826
35894
922597
841542
975431
123943
302058
275463
58363
403069
573570
608885
550979
342708
174314
693296
696024
876264
153890
980304
454293
330073
714731
171364
641329
66600
993264
182675
384649
107164
533589
339379
740278
222185
484480
737707
108959
630021
421574
843183
105856
656542
392377
51736
293472
500477
118904
524740
731848
18126
531129
708274
492370
960276
132307
682782
696092
756352
63770
741679
361322
842170
140876
575560
646098
262934
196814
780239
365230
581027
967482
618553
853991
532213
614349
92358
199419
913845
460741
755570
139658
757261
813943
945999
358135
203902
110673
271606
727089
145965
148300
413428
218931
868611
688140
865974
743274
376970
90409
101029
954067
662129
899485
223692
906158
305906
749846
844494
469663
760400
793660
892486
839976
631502
325638
350798
592182
178157
340331
959626
116195
330665
729454
286754
395248
823242
282748
386276
116871
696788
299872
935525
706107
277177
43267
687060
877378
515218
212560
719288
496179
778449
837679
704003
872021
796328
453034
600401
399808
460261
880499
956623
440856
511149
873478
18196
354283
984146
124873
202666
965550
808389
459158
186813
995682
592014
546794
158074
790011
803399
772534
879697
307742
307891
299853
267049
119229
518086
112926
91141
995497
76884
772579
207870
477106
489370
981086
815527
560531
419905
210303
59759
964666
69722
857783
485298
737731
645694
545769
525777
965250
343756
952909
945458
380952
139928
357584
994599
937863
949935
547988
713893
119884
10563
333666
869375
433430
333756
305618
410611
397839
590480
467100
679675
857269
650901
590340
212942
828721
986159
484499
338201
112270
856216
917250
326015
570676
124966
344215
895067
587749
148459
982133
391089
282056
69309
469157
321852
542087
497892
175526
156063
213031
301031
109518
262471
370863
414493
412439
466844
298814
466405
691916
137985
700499
427509
497086
811898
110239
413759
956058
322438
262320
899325
74872
245344
975858
130595
291024
231815
493577
444984
917617
261788
752335
634286
117190
954627
832370
380586
43132
774757
578958
887412
715222
612304
882906
903567
664441
306750
214586
486920
152904
210170
721660
849022
339987
101072
195905
438703
574821
148296
756205
307929
94143
593993
415694
244039
323688
192413
616290
549929
488239
161471
884065
761672
449575
628486
488912
606935
183375
908110
891521
976875
193104
774821
551675
330262
586600
869311
90799
94765
775974
471349
389165
661954
642205
856039
433870
830855
111289
413583
843287
601430
433532
575320
187111
11881
479644
604791
7057
958566
751027
375575
914962
254116
554027
601648
498622
365909
41102
683985
761286
803536
817250
593858
235022
342124
279418
469582
758253
572730
724149
136682
10928
312272
861967
292746
183704
715733
510898
10139
455419
53156
347518
877699
25664
952591
820785
432613
249287
834067
618770
263049
365949
387505
487800
729188
902164
3764
890864
181418
107526
658975
409850
604765
632437
501351
367698
899030
314637
145379
579797
294741
466909
152091
195894
966166
620662
190080
904756
179910
566405
183942
820630
507197
577210
601473
213737
922062
972869
665400
294570
679548
643556
257029
108051
23671
586864
603183
343065
164377
459463
602529
804208
792917
236946
419300
855043
689321
449765
684349
412048
611131
403844
642610
633098
843020
911667
659773
397025
10963
29878
183219
522654
311740
324819
110485
852724
720428
695882
154771
317829
93033
293991
643942
808927
679751
247707
313541
938276
941198
83282
356514
603864
145559
199474
184542
993577
915749
744727
790499
845144
395763
760700
577856
36976
987024
226958
537904
899844
222550
709742
506671
761994
105313
111895
123776
672066
248035
766401
530262
760952
520936
605864
265663
973116
285139
956354
746522
987075
796037
908555
348032
590264
548986
566653
310412
240071
188884
565864
924457
962480
51139
789305
569622
906146
412448
702034
353294
221224
492844
813000
904095
494758
485820
548418
409291
36455
992378
345191
861746
458904
643653
510325
321899
932047
905643
592950
539000
148290
164867
48951
688928
496764
565698
725857
617149
21084
582940
570231
575958
270532
331595
955151
874794
997978
361218
796363
456755
479923
244644
384572
315329
938744
948046
692756
509396
406324
858735
391934
669624
763775
390685
862868
840636
168191
549377
246722
766638
306435
578695
359824
521951
256112
86427
959331
764718
356208
437984
350482
286189
719816
395068
359076
564487
447678
898946
518992
79228
831869
459362
478421
989222
813956
107359
989275
717689
630620
261387
322803
743813
483871
930146
780845
853720
478010
803341
200801
486143
493882
116766
60613
396185
58914
987210
548866
766295
311898
387472
657537
770347
925327
620725
733654
181095
7172
949184
500807
728218
194389
14267
162548
211007
318647
966957
482921
666116
402141
672399
313964
775602
59173
75679
988309
588388
139433
767360
814642
999166
888125
494952
28476
237808
305438
265517
928283
202687
517114
115170
670390
57005
422129
935647
766991
140445
89032
786413
266695
192709
287127
778957
368818
149301
828133
650709
959115
525043
40174
859038
515322
938100
183099
122490
252346
530162
786751
161864
262574
851478
34631
991494
88415
568054
955315
524782
124274
179509
210636
885700
965062
644018
824787
110197
994435
32135
973901
544078
926780
316110
993533
665303
141622
159816
603581
570327
211504
805323
120001
507976
496770
586499
148055
760883
446643
265516
396215
709578
904655
228278
402732
244431
471214
27501
20237
718563
538715
91942
406705
224065
353484
750372
764409
426536
275207
672581
272570
199629
766267
102157
349444
504521
3107
160455
153925
652593
999583
24227
393294
224492
40512
425530
824194
478561
6575
437848
53319
386556
711422
385468
295714
444219
783658
388503
246545
596729
374526
992669
869248
505095
878791
999489
711329
468920
275917
345373
739980
286355
677367
170197
903497
303371
195677
820426
519545
14598
850589
734333
416907
445714
554484
711266
981808
156714
85838
367411
116663
81831
810324
137524
978774
2797
836140
68777
252565
403512
429820
366871
124321
458374
599900
195445
195898
498717
329349
774553
884929
319369
361043
68453
609880
661350
199444
367262
301072
384151
289620
982576
459546
803716
310793
411307
372793
133412
764317
838107
209246
210836
471708
281291
390107
643247
849929
268183
265566
577511
838146
887290
744303
597119
692221
482496
645590
806093
510167
337847
598810
917927
186160
569760
668734
203153
414444
993546
673705
70333
966622
591932
730859
466670
543529
553869
29871
430988
727300
771776
907361
723852
133780
700263
262991
450396
151088
940383
497475
603050
262185
692874
278221
446020
222472
117429
502352
176510
406352
592839
916965
193326
979915
327666
756673
6000
576204
915048
137402
568526
410477
378862
183217
146321
966582
178127
379812
326548
69724
917617
978418
723813
193718
703919
176360
926838
9408
107462
722372
299357
525488
790727
858501
933487
810496
640864
435817
730423
614442
545875
466285
146158
812340
651113
748764
177218
402928
985285
179513
367861
722865
691640
3444
503868
743301
276870
79850
624291
463856
926218
346517
622284
689537
482812
180858
274458
737125
671324
484982
175915
108751
507306
323563
47132
386724
942408
582311
513880
430374
110784
19051
496178
374553
922036
655690
393219
717171
229331
848131
893636
325381
748204
544687
767971
271217
787648
100825
440244
769161
747200
862643
256051
758590
16523
252774
543891
512219
527172
632901
546701
988304
263140
520237
685164
72043
743219
911748
540159
303313
106623
886777
550208
228585
715787
801079
511508
369674
806664
694057
371837
947051
768902
755348
537177
739021
863667
219385
237977
334194
946787
487488
190070
642818
350701
72621
505359
51211
14165
275263
952371
167047
145012
118377
418273
447466
995641
200564
304075
134124
470779
534122
467052
130350
162096
649984
5330
766091
754422
82699
803540
303454
734049
959078
303967
177115
788488
967760
704268
838797
673193
514410
543859
754329
749253
406086
148449
667994
200816
378772
367711
167406
594899
834583
198262
457065
28991
813211
483765
310044
597135
246996
215033
728850
488589
765261
731295
455006
553757
189503
355883
331510
201075
667604
395762
630978
879663
499120
766126
67203
548411
230401
153224
188956
62362
142004
896596
176357
613331
598430
783687
396235
928820
748257
454632
507943
129185
46549
121440
763662
63022
700680
18663
36454
820892
366545
634391
110947
148562
94973
314254
533816
173286
343606
223131
780738
483038
903911
803011
467514
713764
542950
934768
501701
540584
923754
406735
134680
694149
364660
896501
554668
890689
956968
906657
653923
561995
732672
908196
865399
679554
458077
87100
498005
365370
613026
511041
123175
204299
607183
986558
35108
10162
347731
21962
991523
319584
475888
996822
839684
577271
273225
456609
176497
976561
312630
844526
877664
22445
77484
41785
737700
144009
481574
38014
830837
424528
89615
830692
540422
123684
939932
884499
440656
407240
491684
155227
538982
531919
156927
518393
789398
224101
756973
773483
109845
992661
874201
426429
848448
143030
497014
785369
571028
633338
347970
533430
374958
703711
642041
836783
750906
102232
156583
353892
105550
190942
555567
913433
476404
867109
399936
267358
877405
534985
675875
215435
345674
715882
912518
632948
17806
881938
73156
688611
661325
728623
327847
950067
537550
85756
739086
114257
387354
866494
576926
331751
51929
30564
11931
351271
588708
55314
875
873034
723923
629137
359497
469316
913475
562112
2422
931439
128887
261206
985510
397903
251987
511043
800266
382572
575365
40519
912749
245127
675442
438126
795944
558293
335045
355772
747132
296157
719535
783059
227204
917259
500330
317272
468554
517916
721548
484259
892439
24194
798969
601500
971279
301200
181864
569790
417803
994351
809071
438678
846188
37062
963128
321598
995916
461630
54856
292719
904338
132747
809532
907322
937872
22349
404770
242601
328514
514197
538313
90792
673657
41830
107885
574537
685870
72613
8000
196554
938350
883955
913001
567599
941864
14774
665285
559548
337179
894609
718383
156629
646779
501288
288936
853697
349090
969318
192441
323401
908069
665181
763557
769283
715024
131090
322382
790462
84929
449542
937409
514571
187192
32013
260110
322638
184366
442692
1111
769997
803446
744295
378711
77999
937816
542496
408914
860621
986489
206702
63264
206320
52950
755349
568948
195706
438877
365328
338443
338876
31214
138873
141313
526211
697847
65453
379056
977769
952640
933912
283227
289430
324855
657323
978479
56716
636818
233763
558948
39921
365989
295371
217819
390277
363557
119739
13365
534844
455223
548299
161495
799568
203060
595608
676590
9506
519221
986490
775005
546700
909954
262297
16699
261771
284838
728993
323707
827877
994799
498846
206780
31752
722377
598281
640295
277572
794401
257801
709522
991012
348010
660530
598906
724906
426246
162312
808457
462755
293577
81573
344846
128928
176331
271384
161743
541826
149087
911829
175502
483784
33571
408490
321524
464505
52150
93030
135713
397346
154001
52450
171361
480983
661747
21160
309212
171327
577741
774957
866941
624503
218956
164593
406345
176460
387639
930914
277680
195500
2340
410400
845106
438468
434530
140583
268556
558662
4056
587403
954998
795633
790166
493544
72880
571269
917431
738054
264834
708164
77745
175136
698845
212667
64834
895312
653396
297161
632094
231185
293429
211086
64101
226189
234674
137755
698359
107714
433183
159520
551
426731
621546
28461
142378
205592
82943
70008
39667
803676
145877
312154
690545
319667
533595
594085
362125
361721
20598
942597
697378
731929
376707
672117
39627
57357
792981
21980
364598
389495
934306
582123
659942
453336
971260
897874
66310
450155
385517
421262
288823
961986
743078
692197
694519
290522
688594
366799
865164
583926
102149
719209
207072
918987
733920
428174
800133
751502
20710
659882
954531
784284
985018
502476
597174
620647
460509
651827
693126
190584
305287
601959
283461
671962
875301
893713
686370
810963
60789
14495
754050
679889
105064
623081
950003
683146
738443
215349
446411
668825
703309
492368
728591
891919
347934
714172
719622
486771
287513
476157
952037
489666
706710
185780
76068
693950
822003
500511
379222
429560
842361
697198
570283
488832
610188
97830
460035
990365
930977
617318
846366
751847
895663
505223
828110
205113
640238
530824
926953
199325
968930
700165
222944
172838
505853
143206
948136
248765
225258
773045
945807
167357
961329
840352
147247
531494
944630
854848
718762
758547
528231
99967
721397
785548
860982
8569
696417
586318
278200
521731
521932
101856
890609
384173
731991
487045
133092
269616
33484
669345
260482
881724
193517
106767
256972
828575
193050
734166
456064
131454
227826
533086
406921
858793
297218
231596
971602
876792
333957
742956
517767
488870
831778
554362
173520
327875
570912
545060
828212
511081
940305
641229
463464
688072
358516
734137
96513
680104
576038
121981
743456
639891
868306
975640
298779
482668
10660
105194
465734
117091
715651
44521
674771
557276
957459
737428
296958
538517
121431
746820
938665
844567
778098
279527
558442
881138
967566
64964
82170
161145
15073
887637
431554
112872
731587
619702
620839
225790
571211
497141
734009
354516
388358
377222
105683
130339
793986
317339
323178
900323
356117
726530
925639
215584
152851
261470
966277
427562
400071
354250
750709
644144
268357
311952
211122
39172
284238
517511
941490
211599
440499
490288
977993
56087
903381
570964
968101
67073
489503
650059
392700
232237
998386
707090
290741
193323
856642
184997
209778
809911
929415
204230
421920
236188
289498
492509
472184
873171
528608
456990
775010
101431
386666
636116
918567
990861
649866
581094
462213
540251
26948
658452
527810
867625
753272
301011
266651
762623
785376
939908
76669
278053
750128
752607
909882
194299
894442
359454
402892
608854
352109
495727
868783
457
113842
173846
449758
517171
724503
618499
656951
731746
897128
22225
282329
926147
784707
74840
388561
267971
322465
15318
811647
5502
17110
150084
869027
485605
392000
148247
238844
166898
65811
10979
319457
860819
606921
899948
104597
47361
267340
83635
519299
127653
791730
489284
879041
682479
98136
224031
495871
299905
593916
73249
644863
289102
441535
775373
504386
41374
895439
220277
583362
70868
332049
289233
741295
883303
962765
344161
46794
138021
825132
208894
640424
414636
765781
812888
507661
799938
495615
45365
950031
866898
98689
589962
696194
449923
149415
473857
711215
681794
993810
622830
116126
978281
474477
429219
776797
438570
845589
15277
142352
233049
787960
794511
437266
898613
653482
200488
122306
182305
127061
432205
963083
958200
19237
821291
247311
530907
875259
429482
634281
66766
960879
108533
986184
501053
86367
953814
484353
229409
461369
635008
693974
861305
284075
81714
950558
68232
416303
811840
353093
643294
27876
829724
201145
825324
147413
771059
752936
915062
605265
917669
513009
11719
566869
227888
27482
508740
735070
217768
614100
5557
861064
685862
227995
554539
336555
55536
493261
38148
482748
144478
301638
35610
151910
655060
935341
279713
491995
121422
687219
362572
643217
706980
254657
834218
357369
986444
794940
606108
935957
776
489008
959776
110402
41099
1099
463599
547362
333977
565390
407698
746117
138384
786763
824967
651365
271317
367184
269815
59541
583910
995652
480959
851378
219675
586871
91353
609489
58015
954441
171538
238233
219636
892896
567467
275525
317304
727849
155891
654224
591912
410675
822766
741657
595309
839262
55298
841854
641077
53461
583391
210628
292884
561116
251549
456666
239035
792162
586072
503374
598598
223224
303736
787269
247339
279324
152259
264601
232448
747969
724008
935431
134701
497630
170308
919571
142793
879396
128030
909933
524823
934865
613543
377149
2884
617222
776202
861211
108495
317164
703685
234064
465244
207605
395953
501108
499125
395878
227135
860397
8747
931383
476293
251646
664749
335097
741527
507981
789531
102475
17122
387447
469364
347346
190656
440596
29019
41902
78576
697853
71238
43771
686302
535005
287226
660178
179594
299545
213307
549218
923414
522157
462792
373357
928751
609615
235354
499748
873684
710470
411179
351664
559873
873675
622887
386918
77689
540268
595680
294314
458281
742550
365542
740633
746861
172327
686055
991749
191993
697427
73915
490552
205292
862628
929830
142996
552283
202109
579492
36691
558677
531128
780858
204537
218813
538695
218994
512545
666681
40464
706514
824980
456739
784548
829777
681587
733883
357729
892883
488312
332334
922150
825498
282089
940500
707185
153592
27
856920
180414
346890
618464
734380
543720
411524
316599
757780
112795
250903
709427
607266
446736
512499
839749
671768
255732
846720
711320
515165
516609
189854
959617
425444
116136
730904
92283
708795
554180
949264
729066
133846
158563
791656
839956
763595
549385
151849
395382
874379
24279
481646
238028
100657
429038
881354
573596
265468
553327
306854
100939
56524
419270
967939
170909
488696
960774
329952
503109
310104
620180
852509
17672
970663
142501
293528
323430
561182
964536
650467
11214
51988
742138
669890
852769
432126
85042
546402
750689
655853
633392
929909
691879
549793
706782
29214
93895
704859
316252
787512
366043
200733
314449
292067
688322
622438
340517
645006
583567
766461
534097
674443
439845
155398
61096
391287
133793
892131
449384
750136
116438
518500
828944
600086
430770
807139
368395
729665
144571
776959
681002
500049
459085
334294
311484
818860
914529
249548
747207
4141
317868
78010
71401
579564
565832
634993
524224
136270
33013
686419
948364
773514
627249
734062
98808
779063
890866
63579
494355
878572
297175
222504
983831
721324
431669
985709
747704
388091
820571
251224
162233
937552
888932
478103
719647
200659
364978
328223
197463
344411
537630
121255
602811
49204
515177
865379
983809
160101
606042
840036
331174
513814
128056
210746
257865
686076
40134
87421
619060
935870
723582
538310
311495
175275
627768
691930
690691
147554
188862
528307
897638
21299
55164
566147
385830
650450
813908
567617
243683
344631
366748
146200
358122
485626
451919
829259
530653
816708
781723
419541
926353
82693
837354
330
998094
614555
629413
463426
402637
792352
192675
988093
175332
284205
810137
828566
396464
265126
781633
732672
796810
459660
763798
634368
606071
877875
613667
289148
525857
612242
966527
478398
399934
653770
320884
38661
398419
612302
196199
821525
849625
777578
993611
905140
789987
990425
747419
710786
214757
641614
954642
82016
344819
661326
925369
907688
415268
764402
608834
310
475350
464573
459625
159689
349875
842991
74045
291421
145234
82150
930598
121096
412388
176647
639884
928523
959299
565814
453115
38756
412396
797512
548598
871876
231276
307151
618779
984824
697049
602113
443968
782630
698789
42202
781867
635775
762077
880985
696632
824681
191191
948345
16364
132218
224614
758745
502356
71670
554711
396817
623072
241566
498571
909746
986859
457380
440667
552843
898304
446137
91677
953432
557873
495823
877855
88301
165984
3974
113644
484178
622809
608117
660800
797243
299050
752902
610744
456661
981416
847168
31136
566680
944415
970352
469501
323037
349141
326032
83535
303920
24077
389105
794791
775173
315045
269593
99626
467102
371678
836958
891077
107825
189512
142638
153935
528167
92077
706530
399967
118859
107196
997661
717438
795155
836301
207533
105401
586454
918870
270121
4414
664593
264426
168189
570950
207806
342408
973247
346608
564786
786699
346719
166611
745915
459375
427811
5148
694286
426901
610276
352602
466679
999020
96177
538192
41114
502938
669127
59758
301919
769297
954564
928972
197286
601393
703640
840514
392171
160173
818554
44542
825356
120819
116761
184944
134480
96256
781971
234215
46651
359864
691479
513982
567569
745230
681825
251495
622957
446070
995345
61533
373173
550043
242060
289923
305137
647307
852699
736011
527913
626088
366338
342274
787248
983763
501517
961967
850835
927734
623478
85231
893752
500056
255282
324554
605315
810020
473849
407847
376553
361007
806418
816208
234774
441476
835097
340890
221254
397622
220214
174290
673019
479366
861767
766849
55034
700491
283367
358673
714165
651404
201611
970854
639314
518599
699727
929703
715598
183899
585715
93607
807202
557367
875915
689088
4671
495202
753132
94770
188562
16601
21536
159482
120270
123502
77094
317574
813339
355463
725621
335013
455093
385703
742709
254758
920366
427885
621957
10523
684315
541860
736051
423808
33303
338560
847758
35587
752449
337753
