256314
616548
892658
381638
366621
651991
130157
722533
919762
318692
493540
146082
731458
733852
908222
99789
791395
641096
190891
481964
213748
691807
331699
749792
327501
320586
649127
207167
920369
570666
61733
832139
900895
760110
411352
306926
155392
928685
240828
175476
881822
803644
492309
151982
350869
484849
202568
287528
526587
633525
884030
40682
101520
807117
854506
626915
268375
471168
152633
612197
891565
303800
674718
525802
317496
408920
150931
971832
214255
534931
536690
574468
997913
995061
678239
829070
651198
54357
560503
898283
257856
938959
261774
261590
892807
600996
437758
938779
195011
487940
475442
551146
285355
441749
285239
201190
984159
147665
347160
944839
240116
899463
575679
765853
818816
494701
6090
22019
132263
907294
851607
796445
636003
750749
791170
810038
34200
361203
868395
816648
637340
489278
22796
638978
563282
207062
810450
561894
873248
944029
303652
553238
169006
435330
983587
714219
280940
54713
503001
594550
690206
868251
209593
242231
601849
905442
675904
710131
773745
203498
313645
612909
387709
25785
60952
54586
128924
587492
340938
288838
732364
815933
538575
956668
888092
887669
50848
177385
991608
382719
793676
171757
987997
492
688407
385483
810405
893656
860493
295101
643591
242868
926354
601081
727499
979687
22849
604631
550192
114131
348068
397002
441834
742372
875368
794362
154426
793470
184904
958716
79902
992248
376213
937227
952676
972406
42547
415565
495008
738779
758994
266255
221212
443773
625541
34762
160315
115803
816138
460778
520092
451825
430478
218181
266971
835958
581345
955772
626190
735309
553532
543302
835482
732125
333046
210023
493113
58049
276840
583172
384753
342445
609348
471217
319022
500236
865848
390689
340410
835257
84129
550004
489279
628938
687450
133649
408892
262684
240640
34488
646300
194475
970611
739061
534383
629193
875715
879977
848365
852313
765586
223952
942903
229500
377737
773111
535978
427684
786108
29295
672715
857484
676791
371909
575614
952078
209447
510886
85722
741709
81894
214920
629499
663311
707461
271627
434399
10719
654978
731064
517206
310448
945594
905155
471196
139390
584108
352215
381321
179908
89186
164571
427526
428974
542510
267492
219934
281284
676916
222445
579476
576610
96576
972678
822220
311725
256271
176637
814765
721029
569877
604520
763525
591637
254794
418134
740753
989923
659625
670787
494776
644037
331500
361008
618085
572157
974569
410461
835708
976019
120402
44159
398630
605473
878051
795242
364192
497610
667860
378483
394425
778354
983439
495201
828564
945182
30480
26351
336121
367465
386316
773715
141433
829061
160577
170035
714286
549379
346055
930267
565633
295755
554894
194648
673363
751822
882452
978530
305443
657145
626830
366639
466390
825322
389570
509967
776871
808374
95148
13862
954545
231020
788641
883741
354229
226513
849935
210936
557651
661580
37463
911668
335168
811368
827572
465886
521154
980783
809881
913675
254988
847147
697405
657763
21438
114992
601908
64902
698190
860333
639937
723475
818042
196527
354265
89496
170249
517670
870796
715612
467721
673581
965504
378959
436369
817905
472396
760564
645406
337444
606578
677905
418303
947799
861978
931761
301069
788785
302855
643694
336366
230917
172127
700575
984388
991712
748026
990490
443149
142418
473838
856706
181466
516259
843021
497762
290269
668863
658608
677150
872841
302469
461877
370028
242696
185914
282208
622710
126493
366297
339524
194540
71123
750129
655264
133998
432508
129632
761528
488572
795536
768533
367512
430675
339109
519388
462805
391247
224689
379164
763017
532264
542900
953288
228355
198894
698875
588305
247794
693489
358818
774115
422237
231937
420810
649370
624544
576806
916093
500070
695307
868844
488605
519595
19224
49056
300789
146365
593931
871446
492883
639045
886147
221312
765510
60826
747330
542318
56116
313768
117602
647130
72890
893291
729586
32190
737052
677658
891394
329942
318211
490746
700212
915868
695986
289392
329982
106615
136357
165063
280717
96115
19476
366396
132519
833199
817059
590636
957992
861221
59497
810822
27556
181755
357063
456467
829158
178886
811967
251657
362078
866892
915263
359012
330061
322128
96713
177991
744868
270999
805415
950739
328291
249769
243697
519597
770915
730497
763394
749677
683278
520243
774135
47934
562648
91692
973025
691831
401868
928863
222452
343002
602297
426355
705103
544556
470797
819756
161192
253732
95715
292175
83395
301029
820445
567514
678764
94954
133789
139112
121333
251130
113721
933575
67418
525054
800489
104572
60492
165770
153593
60036
72145
802869
916066
4435
878744
974048
407328
108760
808453
715410
961553
516687
777264
4640
581230
520549
481605
410752
666646
835230
341983
517225
560223
99242
273964
859072
335977
545310
701613
677995
238460
956047
420746
131354
961557
323072
154355
397859
844299
42864
821459
263418
25590
804598
573789
876997
697169
766638
819957
61882
52718
922197
404741
313657
715140
253250
511417
135467
890016
157964
213167
923781
771184
223224
972550
607281
837546
377761
887804
553832
218122
659089
998833
407674
778315
400757
908720
602414
721024
90672
712524
694750
386634
957192
916779
109191
284995
708503
115058
202125
159376
254460
462900
861519
816035
391634
869842
480975
262799
356574
276353
485597
137137
292365
756365
226477
821338
549886
354534
484263
209090
839506
561769
897168
678331
538683
311181
230133
344930
979745
888808
906951
244176
673797
849869
712805
590096
520343
910213
194975
784264
161497
611479
564280
108418
845830
233487
111177
755175
952936
23044
615302
595636
273399
159408
601363
415263
307277
34029
564769
134647
310224
611251
589646
316673
506275
16489
160182
51194
251186
229463
629925
425347
105386
494308
42870
365496
980940
381133
790865
655310
211331
830920
217321
783904
393661
85732
637488
742682
23971
924164
372670
275405
457894
478379
116912
802363
260976
603797
67709
915664
844155
46054
31420
984996
694123
849186
987232
818452
814659
135079
574010
721554
764806
365438
815494
75265
713240
803823
694166
723116
556960
932225
463018
127364
873292
330443
413798
495154
564605
247662
507742
794191
257674
420632
524129
96971
248500
752150
119583
751819
841369
714286
611090
939980
136562
265628
735281
296078
255366
259037
323119
263211
311578
915547
558147
363256
205227
274190
283542
146699
322851
579924
174810
435467
726245
783528
865637
302515
766961
303633
106623
340535
786778
592140
603108
902808
13457
321399
764324
789115
99456
304189
439196
937948
900507
757025
744554
502218
26257
886569
203345
42753
946735
822838
320749
111775
61863
916287
600514
765939
723107
838804
829809
326651
580876
751839
68961
375122
245000
827242
386000
944316
459821
4531
19057
182562
476024
310289
99921
33684
159400
794666
400855
684
122820
488740
407239
540958
323623
889776
485585
414215
867963
385738
536324
180451
694127
840950
468510
881741
626710
392354
628014
121739
317804
852285
997413
257665
158850
719688
433823
291562
507105
428353
382814
662718
903363
221806
622224
784369
766973
978569
370925
246616
174837
179369
4023
139595
337020
46953
823446
714122
279380
621578
401238
923303
603148
839652
354552
572149
648276
998378
824392
127974
314159
837590
816995
796706
784348
546321
96066
355543
200177
951740
648177
749605
657078
863930
792969
446155
759649
246566
99338
604631
213128
680347
776397
499166
933622
432715
814797
313619
674462
960548
564919
925147
640046
840338
791246
48728
467034
302191
272055
678142
21294
418312
643273
720380
350497
716387
649510
35421
199465
125169
551666
7782
650966
59011
973296
556824
736202
246791
635670
584682
699052
341177
850248
384412
679329
549346
625651
605080
324755
316608
484610
748016
900020
517455
826716
838569
598929
395764
831756
409941
52407
729340
909685
299195
428046
942531
355572
820064
68072
596301
466343
588993
1907
327859
488525
97993
174231
370018
850821
246616
456880
213801
646523
417998
579349
100920
271940
606963
525366
560239
854609
327112
152458
591157
802978
209715
619490
290415
531801
68853
511749
679526
793245
410585
534502
306890
680332
194230
31542
341949
883773
525294
557559
891089
281110
621314
892996
473006
366236
326977
209773
345005
573039
802477
88475
35282
28949
219553
566180
206845
982626
857408
108221
620283
982150
103845
583802
297129
138400
820754
876156
235907
927005
643335
455195
431532
994003
70822
973630
444443
5999
34546
422028
216950
340638
322234
8010
701704
627759
764643
781676
700573
248067
213855
829537
706837
726902
544692
813949
276873
121587
748766
953484
548577
907911
208220
383855
291217
493992
532731
412983
160195
357786
979234
715089
805401
574479
145098
975744
402177
749712
731534
578680
45757
460304
539148
812948
979188
350177
255847
990012
433029
406455
604995
269823
791424
753807
830506
684896
740259
122782
346086
881783
39197
644942
933922
124493
575122
155886
167049
899450
769061
831203
792578
998372
988422
497274
412958
201125
100585
165877
596234
816341
801438
896206
641400
309107
930531
273906
671132
452118
813139
584086
962385
24375
904855
454688
402168
517520
834073
464825
210560
87422
503580
470272
909782
549145
88079
368664
677280
105939
699848
911951
50593
799201
626362
25287
18837
814420
388520
111983
145850
656814
987076
838031
696840
248057
663148
20380
724620
494652
79423
67772
4214
7380
978562
510052
726030
137367
839699
792876
571294
692674
568473
553974
955481
861396
571449
922393
765764
847747
802080
41883
478961
202503
465100
98911
291808
824731
496887
238855
433800
387400
386815
803532
929013
62150
777347
538219
588095
522051
677391
448781
258025
249623
82134
709139
761702
301283
150254
781546
593580
959694
219148
297358
554523
728266
462089
693426
232509
156641
904990
507905
32437
535453
903869
66192
810646
757048
530293
449300
150826
738152
688339
557259
212204
607391
435918
550976
973686
202529
495967
595402
454992
547286
202775
622293
688586
826366
399887
764518
881224
768139
934462
691100
979205
444721
455969
140456
144905
801717
191274
281427
604275
499418
775153
669855
260616
21930
70271
576444
988760
536704
346226
927162
301169
271713
730490
49104
753316
359677
780370
843826
482651
818159
768954
331736
590161
984397
658901
727142
211761
147012
196642
702953
928882
38168
350804
37324
143212
314245
988388
169506
716182
598352
997333
59016
289213
291979
971376
794509
760042
274610
928991
814497
660762
825621
727557
801415
696787
580945
714312
15985
885158
436420
990059
502300
850369
309809
759368
294347
353254
91467
402580
969342
518733
904453
910902
411458
863837
959031
337162
465191
427397
791143
814540
233868
799791
633227
584861
545085
782548
215036
190621
287435
613943
552787
668342
911518
141150
48795
543780
697828
438925
579593
574187
644353
52854
887416
591478
297880
939525
638241
463748
182077
889687
257112
265393
272667
605183
89496
573634
823441
318899
990812
381498
317474
365667
617204
45750
724891
861563
56074
939966
683257
804394
608106
171339
450703
420588
427308
354329
524781
310459
632519
670125
202927
201000
9314
556869
243597
165347
474086
311007
681013
108823
881264
883317
455495
528858
569204
178733
917451
47890
482681
376337
103210
82341
887385
529649
379197
550921
622126
189166
546746
226966
620224
676633
774868
942254
15917
956071
497547
788930
755258
511504
320906
544713
87227
681732
611631
906439
545220
69922
339055
411318
456632
563973
816825
450044
789540
140957
460485
181340
871818
667000
96942
618001
958628
75496
165843
824695
32196
538749
682832
172692
615571
747594
914505
89198
629090
396010
942736
985076
227706
809454
736254
532872
96619
417316
909716
459588
393007
641460
849519
623417
307807
758378
265600
324870
202365
175855
501702
937029
504007
475539
785997
716239
653805
624096
239233
849286
865255
770802
390091
851201
900552
190371
514599
362405
599573
328592
731781
328808
491568
719391
633424
250465
254338
764551
33988
639425
656396
236851
89675
134555
303017
550606
296209
777792
623604
804932
477994
199097
140409
159008
338849
945052
956673
687149
926267
622986
981045
866149
799015
347379
374358
466241
380394
864383
142912
482860
862092
300296
738922
8528
942596
410424
217049
531689
123979
239254
548491
838172
813521
854205
411243
934855
659299
21108
241885
520475
25244
512892
381142
456301
635860
115164
606602
593916
88038
432427
328340
352176
667842
827807
566960
483553
859609
62066
67860
749185
424280
599116
732170
3687
883352
293184
762357
83458
797663
972812
517921
855158
213611
557026
929814
280820
278853
20553
192452
584394
251144
173988
400029
62467
278778
75245
115795
165786
84183
814010
802088
783365
639885
586204
298856
266184
499937
191984
369333
757166
546842
284425
892539
124709
465122
361532
481496
367347
400061
964286
776338
451637
778193
330748
837398
101642
873400
677331
640155
353754
467839
883595
604121
872193
820007
769397
608722
632321
713879
155732
52412
561001
455510
306200
426133
359019
759177
510004
283711
874451
436187
546450
89629
894922
435716
371730
867650
190083
75456
409066
640689
57061
280379
330482
322964
338361
848237
215441
177776
354127
923442
854561
481636
495057
15891
575927
61194
956957
262657
653896
414711
100487
77780
835422
88225
919981
586887
501201
659688
699593
842193
87995
410044
592384
538944
888349
854431
392795
825010
151680
723321
355471
760618
948386
529316
550108
691431
175174
747973
31116
284629
691029
87973
870217
794701
578378
428137
257192
909926
904355
736111
642383
40482
971525
4005
351761
335446
896432
294753
879676
794332
71987
912440
538858
859693
263163
498426
351810
381508
374110
81590
101076
633458
29182
762011
552088
112461
865737
5842
729917
235785
88273
23883
150825
481165
627924
808835
861667
204595
34260
762333
525685
308808
994496
962452
14751
157811
970435
529622
703738
56137
141463
93741
831751
326324
603701
383597
372500
364976
148658
926616
3586
863784
878601
225124
826973
395358
437755
55101
208627
363750
760622
250751
128897
415567
338718
611655
443331
932725
86754
512733
442468
514067
799171
55391
609550
561139
596137
133900
553330
450878
751527
907899
286733
32907
690276
254323
149999
660959
915829
12395
332315
341892
362387
491466
18189
388963
54806
504587
333583
674468
937172
12229
928413
411123
780405
454768
894104
800255
773342
684521
865514
764861
390108
166023
753690
477973
205190
744188
205223
331227
554393
876779
89520
119461
710017
168347
584677
619468
308200
774719
470647
587986
538235
975802
395159
162299
478223
118072
830181
783501
164773
991316
128867
970800
47847
858517
597950
350327
106145
201047
638752
373048
855095
993657
85309
985343
710001
107568
914725
390380
357636
819481
924340
6120
591702
920425
157636
540464
178172
77397
291472
23955
700444
210562
914308
946163
160334
829020
754089
478206
11294
70239
657459
184681
783789
377390
206946
871046
358344
788112
251106
643119
219658
535807
943826
642685
845363
85070
254788
171863
378208
958986
189719
629563
972357
217779
997118
831799
942152
188814
737469
487990
154743
375905
994545
856865
970913
433530
834494
816925
26863
298500
246480
234687
177249
783528
316450
921228
13880
909901
272680
894489
131497
36811
879233
574599
323526
167454
937866
158159
382196
426411
335093
918430
878034
277189
465307
789393
616809
112939
228650
626230
778316
208623
842530
4179
374354
192529
241187
892145
831297
905081
404612
488978
651659
832437
722594
554056
332316
166969
112418
911281
319339
824687
595545
110653
495816
404110
744893
219199
116076
364701
677702
509904
655889
431838
329745
441204
63743
548773
293537
663352
564717
84772
964970
639322
900676
245741
526698
846997
765769
122043
344667
3698
182429
418630
854029
26346
518737
328567
739059
345241
933365
2955
694693
100903
232435
675344
769198
873563
912823
511324
502928
703683
900042
938852
502649
485724
235855
527453
612686
745477
374410
921442
952062
857463
451221
702352
670377
137032
705986
466785
215475
50902
605420
680494
410188
929186
410507
246771
458630
529118
863554
433343
173419
340545
208039
912225
51841
386639
593081
969002
422120
487247
418597
515102
678343
34501
686732
933042
476143
566548
621934
173531
817994
121729
444174
368760
125020
797409
793425
862594
908868
903710
691723
631614
431378
128910
901785
353335
20771
373813
323650
685919
82162
850996
108600
117088
290979
638128
450325
908550
20751
833404
159431
499996
838383
582283
125234
414345
9891
984758
941450
813379
327063
894425
96375
869249
810454
967416
312296
776514
522841
198998
466223
809482
361530
96404
72301
427226
861967
860791
769242
756178
299015
769388
640423
384295
810976
202980
353062
627221
809568
329173
603169
19540
833151
760217
321575
70078
760518
545586
5350
182019
451946
368422
239545
737721
678757
132185
782365
513362
101571
87650
226502
137993
249044
88479
317999
693623
503387
570597
51131
748211
847692
34472
339106
407318
281299
119510
803439
576367
188233
366620
244414
925579
317873
903946
152083
326404
712511
568573
100077
940579
542475
301126
16098
371826
970702
899754
771554
304620
142866
840571
988683
646077
605292
212448
106755
543543
975928
366243
971622
654605
573631
238329
570829
360214
776532
497545
832593
941613
900611
395071
402562
292548
154687
928203
919131
183851
679058
82942
284884
617998
156914
762742
537979
578512
531963
622809
610273
713107
747508
482842
115039
261499
847254
530318
489835
724429
395004
82622
941953
758415
890651
241121
416296
311553
541362
144003
425601
317777
950123
291793
642236
488650
785798
995156
822938
719121
97348
705242
889575
583774
672196
503941
792579
609732
191463
975255
973991
881518
897936
44776
554087
139459
901193
921463
536976
484127
133297
647893
272368
811499
411357
877948
317442
944014
722007
669315
764120
810707
515328
532874
620117
529815
523955
367726
568368
148583
481265
728037
283338
350139
345034
878882
648408
995940
284709
473056
932339
248211
225456
388972
748366
348802
91761
642058
630048
509106
986295
557249
219275
417790
131351
51313
727599
700948
314221
655208
492007
361982
937762
799133
465717
789476
903259
72983
466121
331328
261406
702484
44616
969785
195868
455329
419310
336984
155912
407397
335386
60501
419003
962050
520177
311477
87398
703491
522033
392155
23841
203195
676082
268956
335293
325339
702383
791374
314685
581207
422248
974766
603746
322138
624860
300830
577730
40425
393067
690729
272000
716277
916325
46513
726728
412643
246245
796015
143280
487401
647134
743026
235207
703866
897124
183281
933723
992481
160980
507251
955479
535582
691200
231046
223990
804874
955031
12931
677298
576756
310666
93971
32464
633144
793133
628156
375504
553965
368428
895180
982207
783543
533663
763131
321725
728163
869329
822011
992130
10180
498130
534177
432560
38687
745811
986055
30274
337443
545875
834555
277018
54528
947952
103451
666258
324601
860453
538804
180469
329402
739202
912883
478724
853053
761002
631945
970278
982199
276823
580940
193630
220441
116018
996329
143809
999425
872613
725558
368926
600230
841629
571692
104724
547108
565912
555814
503979
353721
45801
447765
154349
238342
794285
439031
578714
611345
135081
528973
728853
5788
143240
972351
646334
710502
718440
612198
470945
798619
381958
911196
373902
846603
425375
838634
156539
178179
840493
578608
538331
408690
23697
602016
430578
193322
567633
444289
584135
976136
867054
145447
533765
134521
640883
181121
626720
466321
619301
714195
80036
149689
950906
167013
606309
870561
615101
43284
493340
565376
865669
143793
392208
753043
673266
727813
525862
272801
748799
279902
259793
944129
337893
441261
534712
850450
611871
474507
751838
218350
417745
866497
42550
7785
826768
346441
618193
807880
525559
392725
88296
740836
773840
940512
98737
847342
50461
635790
623006
579348
575855
943808
382129
985380
154730
488698
10554
719256
396819
197615
285946
364053
128038
181659
347782
673581
46719
170646
758326
589948
353772
252824
705496
160869
531357
232846
507625
495170
872793
596156
59798
957580
373108
349400
669930
346798
920410
728995
424755
97223
723792
31000
829229
496506
48648
925338
140200
145184
268552
17688
717041
750810
278935
281521
553049
174449
132303
310841
720954
673505
321263
92874
596425
298022
572559
369747
414321
247299
43382
111119
411190
152944
169180
422619
38743
393884
248853
968148
883307
674033
117883
404746
681295
777609
724880
558721
648431
585190
267501
123812
898397
602201
94508
2099
673798
946169
250267
128819
581801
462240
614602
395874
682190
487442
119204
473715
29361
196930
785330
232591
223724
369807
284908
551338
701859
389330
741776
837410
45345
696598
90716
837779
626963
133373
930256
886034
283862
789878
956708
588058
755383
455046
709492
124454
142166
27661
905251
669195
562938
669682
653072
773053
618061
827642
818485
255038
655776
290253
860664
389418
892474
563882
244667
527206
452761
345589
871605
271230
810415
190926
692572
123889
81000
415990
291861
660530
713554
657140
523264
338361
345962
100078
876142
413697
261335
599860
394464
797479
688932
516234
36173
156899
955250
429216
611910
521418
915500
211555
70640
728207
189718
237562
529108
987776
665505
361628
122503
917313
778014
717463
935694
132025
601211
522710
453044
293510
676336
74145
623292
269977
365422
941801
531337
464776
996380
519450
761906
468724
119499
137117
116623
408875
514434
428427
893421
213524
872277
159704
102191
873254
311869
546065
844674
116806
282301
205355
352925
434994
205479
500540
630048
397444
29315
821859
40356
862052
129009
823626
556279
907010
342405
854497
974514
355732
980445
532230
480361
226665
255127
33584
442208
508040
273829
886091
31879
908188
718849
961867
284637
802566
916554
334675
146922
225894
66295
527041
770162
778548
768116
488775
420459
934112
861359
772265
232265
77106
722309
857410
896998
281383
852213
544368
795625
877578
790468
495491
38873
454339
259351
20872
657403
445672
267292
932351
139211
772362
850512
215879
960628
727065
457512
759109
949519
61126
933815
93891
515602
233743
150990
137613
762656
460718
506367
141664
559381
966636
778222
768840
66374
699947
979236
828871
693621
141863
704714
788266
183390
58238
483445
976505
5262
833477
566104
226471
903952
247693
743385
519379
279834
533347
139950
73529
671318
529304
305824
157059
433362
248912
785061
977763
225946
435405
221956
31351
425281
607801
708087
954334
985030
330283
168186
466286
169999
539461
235924
580221
310676
717695
783477
734086
481028
500091
84325
972823
408342
971290
390309
383989
115073
534862
497061
610815
531872
337751
794799
653683
952068
877097
443820
596108
165061
873687
451888
217596
142208
855020
392743
128857
692403
123715
210078
379761
888513
85441
598510
450559
869841
622374
589319
487605
324875
82034
522811
392196
620190
221166
872635
476565
320474
721402
486264
669397
6253
752739
835609
921387
489117
241115
833903
378164
542759
485593
561446
680073
707759
462626
589807
21190
746824
100324
420602
428707
222933
806064
436436
501950
415661
814612
676777
848618
581954
29265
73523
597349
213480
419068
537322
206957
928749
43511
216150
555426
414334
765093
372119
769845
8453
967077
677857
513322
706367
179674
635276
723353
527221
36255
668212
834676
772940
31049
385053
77183
865245
623865
840319
384192
674137
709316
519488
312533
362722
475933
952766
696109
678535
202240
201193
579616
613735
178037
202526
930442
565345
223830
216493
576415
88759
225254
288669
342712
847206
352169
758374
551066
56146
570118
831069
131450
599597
733522
882422
414907
421241
983691
770284
631608
513827
787163
678632
620812
370167
283003
878122
702280
303086
582734
445626
945131
165403
981129
784931
425987
322619
888764
9811
886504
263445
244969
527629
144063
420520
290932
870222
13744
19660
279436
359388
496155
244475
936942
836655
572424
908163
711672
488158
906583
438842
373191
431403
982378
231928
736898
424813
233439
410603
752526
835542
356273
88906
934638
605627
852820
655987
297352
679642
857298
361514
116740
244935
461089
872809
68538
6533
584608
774816
145711
491902
106338
40244
655928
700142
950240
177886
566045
800000
935404
482055
488538
986237
815389
92892
815630
379957
990940
433389
145589
786276
571639
221655
580284
746379
152176
143354
149109
283941
391137
59013
25735
435250
210599
452939
48324
399281
254164
358704
640234
925242
780933
288059
371746
445748
622538
616523
735525
508534
702480
395314
379098
786649
419869
251452
197155
777703
212178
575232
749512
320511
193398
149832
364843
720577
600986
762404
381396
471170
508455
274145
228046
979744
970511
768569
827622
380490
62258
578079
907263
214562
757943
673784
264689
224082
281585
689083
564252
879826
238937
935914
210169
246799
180852
166163
583995
475942
687630
760556
60892
409319
768842
408488
977054
865221
425783
304202
341403
739537
76834
942678
73710
943319
409359
354504
662613
975685
405567
746761
674617
247582
165995
59850
780554
332912
854455
213197
296726
513178
758101
903780
541701
290298
132004
59492
582540
550112
846231
155302
418595
965694
53521
20024
947032
961599
541563
146308
930438
624126
691723
487278
219142
244493
639681
92243
815086
112134
843604
411546
453481
939524
695585
472223
338395
617552
541151
718763
226572
871131
838280
573230
831380
272640
747882
780506
492445
827014
380503
363275
890877
693541
983771
772135
717521
392278
434272
911638
254554
207087
759213
4054
847950
814896
712450
6972
925974
454569
536964
554256
146170
363927
281805
714612
148371
734240
508086
863205
279688
70035
994235
10384
756534
396170
440823
503801
62403
952957
373424
778600
157899
510965
71186
348892
643439
104314
760041
915523
178276
697338
845759
918960
446601
395380
466364
122917
604478
238747
852849
660091
812034
947336
543014
954228
329449
784876
113035
901433
836384
671063
23957
676660
990466
802036
459525
669608
805977
327234
426739
129209
842191
688643
943685
866546
549092
451196
637003
384359
519280
204929
844686
648132
611435
203646
607856
215434
434773
264412
300181
624809
671260
481051
285062
334897
980989
711070
292571
430971
999288
831456
335628
224370
578467
500838
422741
241718
499644
590391
275584
593311
732830
485393
229134
161112
811139
289782
901992
507648
969283
761160
501053
577573
942917
882344
560632
68271
521562
882888
735111
269782
598311
753410
923479
367094
72296
379044
97239
760910
98319
995425
533863
873107
535170
420949
45274
480568
7863
487881
623518
561144
752293
100768
456026
679248
950770
589473
892771
582053
696683
847912
448628
742035
551277
152503
771563
232742
595389
352226
495978
163466
113034
146414
343962
996449
302119
364648
990616
585055
606710
218094
950408
261339
509248
991848
770852
563692
754750
184016
428876
705679
418273
224153
238169
450044
952762
571395
175776
88949
789727
596550
430469
483008
657187
324909
397866
236983
883420
771031
140226
717397
995555
889032
355342
401266
123899
390883
211167
751567
905743
484173
173011
281080
653166
807476
541518
514747
768148
852049
290648
54072
901754
143458
4153
213034
504648
600119
254526
490014
634550
681122
554099
660834
368133
142730
685527
532231
664341
566781
374528
146378
17967
37667
565875
418154
959224
528566
709862
232305
90920
159425
585814
603829
220725
289950
221556
253853
601312
394506
915283
666717
922562
347926
916425
732121
474464
809814
688792
10205
155344
661756
364807
764351
500121
827947
150302
560511
155323
707822
814683
581048
826208
338345
961552
774573
446173
875790
272546
124994
291601
465633
895874
549269
312652
379889
73386
605713
796934
340030
484169
128778
999357
766499
26344
243763
282263
417216
622043
182950
421099
976623
765978
303790
826146
300525
882744
589940
947278
28313
926074
4400
894994
457595
230823
859318
297688
715145
646668
855789
926278
790001
367393
413687
370191
613272
512044
420753
813441
751811
753529
802705
255817
472463
281456
302951
780097
386757
695566
852609
620345
485951
531150
578030
402461
607402
537411
315985
352536
577735
370706
417545
157996
265058
594684
577204
717091
488953
785035
499256
934842
320374
295519
910288
820167
546350
647925
483037
942176
183838
88131
692276
608141
46258
690536
81640
916047
195186
742036
380198
809166
836132
779599
236101
660078
939486
805906
851913
514819
296226
360945
748656
923216
42051
187722
253275
734344
111734
276660
20805
640518
537375
762811
589276
260970
443526
151727
807389
611028
415273
844332
169278
826778
551401
844587
877012
184130
555692
282242
884927
761260
733615
828238
563656
418213
527137
977908
946307
831951
103895
10295
304346
423432
320858
584471
341740
824734
309297
186001
47776
607132
947183
620589
190355
895089
232441
420670
533949
538886
541587
731178
569793
961348
935335
590228
107911
85923
547360
669542
122146
415741
959843
956710
13064
940687
259888
416654
471237
584756
831683
836166
331619
714409
917195
759086
198288
315621
334180
442834
879570
89074
725464
418025
203054
441823
698610
218931
61127
890430
818657
753823
742340
708826
185273
690438
984589
97277
632397
839852
340620
574966
21464
978640
125277
360378
619495
288218
30377
479746
461872
936785
817871
575874
438334
621492
401334
725480
862447
658770
669152
696293
82686
917576
582491
862358
263542
670232
582320
196274
833248
395031
876838
778677
931822
147548
42547
559474
498904
106831
1538
702606
843754
539925
574248
763043
944590
238832
908263
719229
75898
911210
452447
805125
287947
723990
396064
10984
407736
254941
811141
212320
322507
679350
84397
461629
160506
49407
547604
110304
594373
764090
842538
23474
344255
757944
631315
124449
190870
165488
659721
258907
453258
966610
388374
396282
645954
631890
294066
415426
562725
575991
724887
65984
963881
142134
669687
774998
513607
59
668298
548403
135677
68154
652966
129929
521389
842167
661755
681235
447226
331985
148978
262728
264266
156907
248121
916977
101308
167982
355833
101722
167620
514151
875830
557341
802292
55398
877003
161184
212179
232695
563566
277726
800914
313351
479860
732193
453321
227525
543662
15871
980144
130692
587416
159853
750608
645051
736714
619800
540371
256425
244094
915672
691272
179012
493473
991508
877775
616009
324592
641347
796497
624266
707453
572330
287671
732131
152602
547269
918923
677969
286413
994069
922963
774629
320704
998134
472417
496987
869520
205358
161503
683366
859266
260838
470298
991990
984411
945704
409427
37332
951346
276432
343510
536963
321569
603108
831442
962260
919242
846866
414412
938422
501287
921025
350344
353831
563715
791621
195656
189946
954627
1486
363228
570109
689890
605678
146897
449151
820568
911155
524052
854247
192683
806832
773707
876633
423667
754444
337105
290508
777035
541352
336189
321866
545058
847406
473114
586649
465758
235607
905570
598034
750919
386870
664450
528125
358192
388721
195324
230815
598886
779028
158261
10200
693619
787810
50657
522866
990495
741620
311533
384935
784745
227196
682809
648245
110367
898172
56731
517353
519083
313641
337460
673504
583988
349948
656046
868324
908231
527247
968982
236636
822044
728550
642410
368776
976273
537130
901211
649909
703838
454848
335219
576840
304394
994591
540775
456153
279753
917911
393596
160795
740075
579053
649616
746455
706669
734765
114543
15130
900412
679669
25937
679588
496498
715698
744539
821476
442425
900862
178456
785756
751159
981371
729284
193130
684469
940891
559722
341559
273421
377052
224803
765035
297642
303612
24234
929783
486461
549052
332551
905222
284753
563057
253548
172013
534779
920378
316464
779113
356359
619789
587920
499311
274018
734934
2700
343049
982596
60386
736226
556397
208944
970267
894626
213064
157618
134179
652394
313267
145245
654096
65264
657318
713155
806476
645300
49503
899150
542412
15999
729285
758132
461810
246680
110013
706124
437641
996538
611078
363094
964921
285007
217212
312540
930155
584900
339360
264153
877874
65977
832321
652297
799789
591505
997734
606287
424591
25123
585360
553800
916337
186963
68683
199735
5291
796604
676586
398421
689868
822500
848998
584951
433069
818814
469546
889297
509065
727465
172983
622081
500842
361485
611220
164512
58292
673732
156304
475277
905176
849621
485715
583722
67472
936417
900544
58759
955171
244050
320861
350700
118747
178971
224193
472513
920862
480283
810659
267069
791240
289233
16188
230823
746764
805917
220782
285205
590549
100855
676480
709943
460052
993242
244568
177914
565627
793133
799801
20538
249294
392909
800587
252612
565546
219468
934893
115262
12306
413194
888836
157900
314133
578571
915331
536571
534960
359249
695693
792701
127760
429658
683349
10146
566204
947969
352619
233787
748135
744965
197283
300725
984996
301901
742884
158072
14979
830706
48622
320312
630007
656233
313477
578635
321977
537013
770439
811277
344393
854188
986085
461686
174076
785663
518008
202062
286570
300715
84617
751567
165986
537931
485005
763392
431014
803680
693354
899497
56020
590536
37924
688853
963644
76904
151400
864915
92921
723826
142233
812177
712734
543006
989363
646978
219563
221567
816594
903603
913068
461090
512884
6993
380403
145383
983219
172843
144954
200267
616401
412026
694902
953991
422497
887941
618831
872194
804119
528084
59254
887678
478277
764296
305816
80526
658827
727588
540469
540561
393512
65650
969051
971449
554752
818422
986532
597566
277041
487284
124719
561455
513795
520588
158019
329442
905116
354413
486640
916866
649286
896057
11408
851387
912120
170930
962834
866709
572905
957889
255060
691131
729852
551971
962834
358092
542149
195446
203380
314068
795559
817985
386955
960660
391644
347439
698710
849855
708590
508695
602287
703831
33453
649015
801683
537468
267937
750741
511010
552349
406209
192371
929731
836602
12141
192507
436548
21480
187400
986484
816151
572335
209490
217995
735685
941904
60679
984461
909884
510810
400860
822808
365953
685649
376889
956338
292369
233471
753611
388249
660360
250169
181466
848473
256422
948172
710926
971605
262046
517669
515123
553027
484720
858256
795743
605408
786935
166286
41219
595070
958279
536821
710162
866558
93680
963058
534885
664762
873977
912271
265262
350606
176373
964861
361522
845703
365728
134935
434177
688923
572616
623545
622878
757338
103604
576547
237578
921063
504596
787164
778466
906541
556961
603701
58559
287467
490398
726362
100686
852351
546685
163205
690266
114040
133521
137479
687356
515925
950790
385621
814833
747715
299696
280790
140847
191176
339136
142171
201461
130826
283676
711580
849891
197708
115522
701212
786144
992405
368523
821849
312236
347085
273488
921594
773441
312798
629806
552541
596833
794063
534151
589484
814522
543183
994943
33769
624112
598594
762050
139481
96359
418180
421704
44166
130932
605386
339392
97053
992363
557122
91436
843654
55281
540866
941425
63801
14096
750803
949754
969132
157867
52305
411184
15230
404855
545116
649947
627762
813912
244196
202363
308337
96172
721011
392605
38186
746964
218566
204557
221422
118238
424869
345509
195797
369971
708437
279066
385435
503209
769165
876367
263076
404914
376719
224636
645840
720090
524833
497061
20019
532709
504461
111136
575023
780321
864227
999719
875775
748781
337269
3310
